# 1 , 2 , 3 , 4      , 5      , 6      , 7      , 8      , 9      ,                       10 (pm), 11 (pm), 12 (pm)  
# xm, ym, zm, IGRF_In, IGRF_Ic, IGRF_Dc, In_siB0, Ic_siB0, Dc_siB0,                       Bx_siB0, By_siB0, Bz_siB0  
1.002300e+02 1.247790e+02 1.207864e+00 4.518274e-05 5.346856e+01 3.327694e+00 4.527874e-05 5.155498e+01 8.525337e+00 2.784158e-05 4.173541e-06 3.546254e-05 
1.012943e+02 1.247790e+02 2.255164e+00 4.518274e-05 5.346856e+01 3.327694e+00 4.497822e-05 5.205113e+01 9.604333e+00 2.727202e-05 4.614839e-06 3.546802e-05 
1.023587e+02 1.247790e+02 3.211530e+00 4.518274e-05 5.346856e+01 3.327694e+00 4.571987e-05 5.323739e+01 8.134202e+00 2.708809e-05 3.871705e-06 3.662720e-05 
1.034230e+02 1.247790e+02 4.008937e+00 4.518274e-05 5.346856e+01 3.327694e+00 4.683750e-05 5.359018e+01 7.645781e+00 2.755356e-05 3.698841e-06 3.769445e-05 
1.044874e+02 1.247790e+02 4.590665e+00 4.518274e-05 5.346856e+01 3.327694e+00 4.696660e-05 5.421211e+01 7.219164e+00 2.724770e-05 3.451444e-06 3.809872e-05 
1.055517e+02 1.247790e+02 4.915335e+00 4.518274e-05 5.346856e+01 3.327694e+00 4.865099e-05 5.413858e+01 5.617395e+00 2.836418e-05 2.789827e-06 3.942853e-05 
1.066161e+02 1.247790e+02 4.959853e+00 4.518274e-05 5.346856e+01 3.327694e+00 4.753264e-05 5.453956e+01 3.689939e+00 2.751845e-05 1.774686e-06 3.871610e-05 
1.076804e+02 1.247790e+02 4.721053e+00 4.518274e-05 5.346856e+01 3.327694e+00 4.698008e-05 5.406690e+01 1.143100e+00 2.756432e-05 5.500046e-07 3.803990e-05 
1.087448e+02 1.247790e+02 4.215920e+00 4.518274e-05 5.346856e+01 3.327694e+00 4.647765e-05 5.405441e+01 -7.485361e-01 2.728083e-05 -3.564284e-07 3.762714e-05 
1.098091e+02 1.247790e+02 3.480385e+00 4.518274e-05 5.346856e+01 3.327694e+00 4.566960e-05 5.318161e+01 -1.283901e+00 2.736203e-05 -6.132392e-07 3.656030e-05 
1.108735e+02 1.247790e+02 2.566767e+00 4.518274e-05 5.346856e+01 3.327694e+00 4.528124e-05 5.254871e+01 -1.311844e+00 2.752771e-05 -6.303843e-07 3.594744e-05 
1.119378e+02 1.247790e+02 1.540052e+00 4.518274e-05 5.346856e+01 3.327694e+00 4.405966e-05 5.234589e+01 -9.459059e-01 2.691208e-05 -4.443365e-07 3.488261e-05 
1.130022e+02 1.247790e+02 4.732709e-01 4.518274e-05 5.346856e+01 3.327694e+00 4.378415e-05 5.193752e+01 4.659190e-02 2.699381e-05 2.195089e-08 3.447297e-05 
1.140665e+02 1.247790e+02 -5.576963e-01 4.518274e-05 5.346856e+01 3.327694e+00 4.358462e-05 5.144058e+01 -1.179194e+00 2.716167e-05 -5.590885e-07 3.408153e-05 
1.151309e+02 1.247790e+02 -1.479516e+00 4.518274e-05 5.346856e+01 3.327694e+00 4.323268e-05 5.124018e+01 1.286857e+00 2.705930e-05 6.078513e-07 3.371186e-05 
1.161952e+02 1.247790e+02 -2.226619e+00 4.518274e-05 5.346856e+01 3.327694e+00 4.343873e-05 5.150207e+01 2.667715e+00 2.701071e-05 1.258539e-06 3.399648e-05 
1.172596e+02 1.247790e+02 -2.745863e+00 4.518274e-05 5.346856e+01 3.327694e+00 4.313353e-05 5.108838e+01 1.990353e+00 2.707672e-05 9.409756e-07 3.356288e-05 
1.183239e+02 1.247790e+02 -3.000315e+00 4.518274e-05 5.346856e+01 3.327694e+00 4.278798e-05 5.097254e+01 2.131614e+00 2.692464e-05 1.002158e-06 3.323960e-05 
1.193883e+02 1.247790e+02 -2.971874e+00 4.518274e-05 5.346856e+01 3.327694e+00 4.264421e-05 5.079617e+01 3.510666e+00 2.690402e-05 1.650547e-06 3.304509e-05 
1.204526e+02 1.247790e+02 -2.662564e+00 4.518274e-05 5.346856e+01 3.327694e+00 4.442406e-05 5.064417e+01 3.486996e+00 2.811868e-05 1.713407e-06 3.434969e-05 
1.215170e+02 1.247790e+02 -2.094387e+00 4.518274e-05 5.346856e+01 3.327694e+00 4.288240e-05 5.088783e+01 4.659746e+00 2.696254e-05 2.197655e-06 3.327299e-05 
1.225813e+02 1.247790e+02 -1.307757e+00 4.518274e-05 5.346856e+01 3.327694e+00 4.316966e-05 5.139522e+01 6.680011e+00 2.675263e-05 3.133250e-06 3.373573e-05 
1.236457e+02 1.247790e+02 -3.586271e-01 4.518274e-05 5.346856e+01 3.327694e+00 4.344683e-05 5.151543e+01 6.049852e+00 2.688655e-05 2.849544e-06 3.400913e-05 
1.247100e+02 1.247790e+02 6.854902e-01 4.518274e-05 5.346856e+01 3.327694e+00 4.391962e-05 5.149683e+01 7.003459e+00 2.713850e-05 3.333852e-06 3.437034e-05 
1.257743e+02 1.247790e+02 1.750327e+00 4.518274e-05 5.346856e+01 3.327694e+00 4.440313e-05 5.195644e+01 7.673923e+00 2.711882e-05 3.654041e-06 3.496935e-05 
1.268387e+02 1.247790e+02 2.760140e+00 4.518274e-05 5.346856e+01 3.327694e+00 4.527124e-05 5.250768e+01 7.788741e+00 2.730037e-05 3.734220e-06 3.591978e-05 
1.279030e+02 1.247790e+02 3.643101e+00 4.518274e-05 5.346856e+01 3.327694e+00 4.622889e-05 5.313899e+01 7.734638e+00 2.747929e-05 3.732264e-06 3.698742e-05 
1.289674e+02 1.247790e+02 4.336405e+00 4.518274e-05 5.346856e+01 3.327694e+00 4.687609e-05 5.354157e+01 7.362667e+00 2.762594e-05 3.569681e-06 3.770188e-05 
1.300317e+02 1.247790e+02 4.790737e+00 4.518274e-05 5.346856e+01 3.327694e+00 4.734091e-05 5.409973e+01 4.887794e+00 2.765863e-05 2.365246e-06 3.834797e-05 
1.310961e+02 1.247790e+02 4.973780e+00 4.518274e-05 5.346856e+01 3.327694e+00 4.708208e-05 5.442280e+01 3.568041e+00 2.733923e-05 1.704729e-06 3.829337e-05 
1.321604e+02 1.247790e+02 4.872513e+00 4.518274e-05 5.346856e+01 3.327694e+00 4.742206e-05 5.428683e+01 8.562416e-01 2.767848e-05 4.136646e-07 3.850431e-05 
1.332248e+02 1.247790e+02 4.494141e+00 4.518274e-05 5.346856e+01 3.327694e+00 4.739189e-05 5.451161e+01 -2.354582e-01 2.751256e-05 -1.130641e-07 3.858805e-05 
1.342891e+02 1.247790e+02 3.865577e+00 4.518274e-05 5.346856e+01 3.327694e+00 4.654553e-05 5.350925e+01 -1.206361e+00 2.767417e-05 -5.827650e-07 3.742042e-05 
1.353535e+02 1.247790e+02 3.031531e+00 4.518274e-05 5.346856e+01 3.327694e+00 4.554409e-05 5.285619e+01 -7.110645e-01 2.749821e-05 -3.412817e-07 3.630422e-05 
1.364178e+02 1.247790e+02 2.051329e+00 4.518274e-05 5.346856e+01 3.327694e+00 4.458276e-05 5.237544e+01 -9.590223e-01 2.721329e-05 -4.555412e-07 3.531080e-05 
1.374822e+02 1.247790e+02 9.946926e-01 4.518274e-05 5.346856e+01 3.327694e+00 4.392902e-05 5.216909e+01 -7.944784e-01 2.694054e-05 -3.735886e-07 3.469621e-05 
1.385465e+02 1.247790e+02 -6.321798e-02 4.518274e-05 5.346856e+01 3.327694e+00 4.324703e-05 5.171092e+01 -3.142921e-01 2.679673e-05 -1.469932e-07 3.394435e-05 
1.396109e+02 1.247790e+02 -1.047154e+00 4.518274e-05 5.346856e+01 3.327694e+00 4.345601e-05 5.153618e+01 9.313812e-01 2.702695e-05 4.393798e-07 3.402611e-05 
1.406752e+02 1.247790e+02 -1.887127e+00 4.518274e-05 5.346856e+01 3.327694e+00 4.300492e-05 5.124361e+01 1.589785e+00 2.691117e-05 7.468954e-07 3.353587e-05 
1.417396e+02 1.247790e+02 -2.523389e+00 4.518274e-05 5.346856e+01 3.327694e+00 4.309379e-05 5.094153e+01 2.498784e+00 2.712814e-05 1.183863e-06 3.346247e-05 
1.428039e+02 1.247790e+02 -2.910683e+00 4.518274e-05 5.346856e+01 3.327694e+00 4.286658e-05 5.072952e+01 2.558607e+00 2.710673e-05 1.211286e-06 3.318587e-05 
1.438683e+02 1.247790e+02 -3.021461e+00 4.518274e-05 5.346856e+01 3.327694e+00 4.293210e-05 5.055160e+01 3.180135e+00 2.723632e-05 1.513274e-06 3.315204e-05 
1.449326e+02 1.247790e+02 -2.847843e+00 4.518274e-05 5.346856e+01 3.327694e+00 4.252283e-05 5.096416e+01 3.822482e+00 2.672157e-05 1.785376e-06 3.302970e-05 
1.459970e+02 1.247790e+02 -2.402178e+00 4.518274e-05 5.346856e+01 3.327694e+00 4.303749e-05 5.092301e+01 4.545025e+00 2.704398e-05 2.149792e-06 3.340999e-05 
1.470613e+02 1.247790e+02 -1.716167e+00 4.518274e-05 5.346856e+01 3.327694e+00 4.466458e-05 5.081541e+01 4.789203e+00 2.812149e-05 2.356090e-06 3.462017e-05 
1.481257e+02 1.247790e+02 -8.386058e-01 4.518274e-05 5.346856e+01 3.327694e+00 4.307607e-05 5.120532e+01 6.126966e+00 2.683435e-05 2.880539e-06 3.357333e-05 
1.491900e+02 1.247790e+02 1.680840e-01 4.518274e-05 5.346856e+01 3.327694e+00 4.401818e-05 5.166856e+01 7.082293e+00 2.709220e-05 3.366009e-06 3.452946e-05 
