# 1 , 2 , 3 , 4      , 5      , 6      , 7      , 8      , 9      ,                           10 (pm), 11 (pm), 12 (pm)  
# xm, ym, zm, IGRF_In, IGRF_Ic, IGRF_Dc, In_siB0, Ic_siB0, Dc_siB0,                           Bx_siB0, By_siB0, Bz_siB0  
1.002300e+02 1.247790e+02 1.207864e+00 4.518274e-05 5.346856e+01 3.327694e+00 4.590557e-05 5.267022e+01 8.706849e+00 2.751642e-05 4.213970e-06 3.650220e-05 
1.012943e+02 1.247790e+02 2.255164e+00 4.518274e-05 5.346856e+01 3.327694e+00 4.561178e-05 5.316433e+01 9.797546e+00 2.694644e-05 4.653270e-06 3.650577e-05 
1.023587e+02 1.247790e+02 3.211530e+00 4.518274e-05 5.346856e+01 3.327694e+00 4.636805e-05 5.431779e+01 8.308394e+00 2.676212e-05 3.908175e-06 3.766313e-05 
1.034230e+02 1.247790e+02 4.008937e+00 4.518274e-05 5.346856e+01 3.327694e+00 4.748861e-05 5.464036e+01 7.807682e+00 2.722721e-05 3.733383e-06 3.872866e-05 
1.044874e+02 1.247790e+02 4.590665e+00 4.518274e-05 5.346856e+01 3.327694e+00 4.762496e-05 5.525082e+01 7.374182e+00 2.692100e-05 3.484092e-06 3.913129e-05 
1.055517e+02 1.247790e+02 4.915335e+00 4.518274e-05 5.346856e+01 3.327694e+00 4.930530e-05 5.514414e+01 5.744777e+00 2.803714e-05 2.820610e-06 4.045956e-05 
1.066161e+02 1.247790e+02 4.959853e+00 4.518274e-05 5.346856e+01 3.327694e+00 4.819053e-05 5.556428e+01 3.794970e+00 2.719109e-05 1.803633e-06 3.974568e-05 
1.076804e+02 1.247790e+02 4.721053e+00 4.518274e-05 5.346856e+01 3.327694e+00 4.762862e-05 5.511137e+01 1.213908e+00 2.723665e-05 5.771408e-07 3.906811e-05 
1.087448e+02 1.247790e+02 4.215920e+00 4.518274e-05 5.346856e+01 3.327694e+00 4.712434e-05 5.511051e+01 -7.037612e-01 2.695288e-05 -3.310775e-07 3.865406e-05 
1.098091e+02 1.247790e+02 3.480385e+00 4.518274e-05 5.346856e+01 3.327694e+00 4.630210e-05 5.426790e+01 -1.249514e+00 2.703382e-05 -5.896507e-07 3.758603e-05 
1.108735e+02 1.247790e+02 2.566767e+00 4.518274e-05 5.346856e+01 3.327694e+00 4.590319e-05 5.365235e+01 -1.281682e+00 2.719925e-05 -6.085369e-07 3.697207e-05 
1.119378e+02 1.247790e+02 1.540052e+00 4.518274e-05 5.346856e+01 3.327694e+00 4.467787e-05 5.348188e+01 -9.142332e-01 2.658339e-05 -4.242106e-07 3.590621e-05 
1.130022e+02 1.247790e+02 4.732709e-01 4.518274e-05 5.346856e+01 3.327694e+00 4.439548e-05 5.308548e+01 8.675132e-02 2.666491e-05 4.037327e-08 3.549563e-05 
1.140665e+02 1.247790e+02 -5.576963e-01 4.518274e-05 5.346856e+01 3.327694e+00 4.418738e-05 5.260048e+01 -1.157933e+00 2.683257e-05 -5.423532e-07 3.510333e-05 
1.151309e+02 1.247790e+02 -1.479516e+00 4.518274e-05 5.346856e+01 3.327694e+00 4.383213e-05 5.241101e+01 1.334975e+00 2.673003e-05 6.229144e-07 3.473288e-05 
1.161952e+02 1.247790e+02 -2.226619e+00 4.518274e-05 5.346856e+01 3.327694e+00 4.404186e-05 5.266282e+01 2.729324e+00 2.668128e-05 1.271944e-06 3.501680e-05 
1.172596e+02 1.247790e+02 -2.745863e+00 4.518274e-05 5.346856e+01 3.327694e+00 4.372955e-05 5.226304e+01 2.040011e+00 2.674716e-05 9.527328e-07 3.458259e-05 
1.183239e+02 1.247790e+02 -3.000315e+00 4.518274e-05 5.346856e+01 3.327694e+00 4.338179e-05 5.215786e+01 2.179786e+00 2.659495e-05 1.012279e-06 3.425877e-05 
1.193883e+02 1.247790e+02 -2.971874e+00 4.518274e-05 5.346856e+01 3.327694e+00 4.323523e-05 5.198705e+01 3.572363e+00 2.657422e-05 1.659040e-06 3.406381e-05 
1.204526e+02 1.247790e+02 -2.662564e+00 4.518274e-05 5.346856e+01 3.327694e+00 4.501194e-05 5.178990e+01 3.542402e+00 2.778880e-05 1.720279e-06 3.536803e-05 
1.215170e+02 1.247790e+02 -2.094387e+00 4.518274e-05 5.346856e+01 3.327694e+00 4.347439e-05 5.207014e+01 4.728451e+00 2.663260e-05 2.202913e-06 3.429103e-05 
1.225813e+02 1.247790e+02 -1.307757e+00 4.518274e-05 5.346856e+01 3.327694e+00 4.376991e-05 5.256143e+01 6.770472e+00 2.642263e-05 3.136898e-06 3.475355e-05 
1.236457e+02 1.247790e+02 -3.586271e-01 4.518274e-05 5.346856e+01 3.327694e+00 4.404836e-05 5.267321e+01 6.128823e+00 2.655652e-05 2.851586e-06 3.502682e-05 
1.247100e+02 1.247790e+02 6.854902e-01 4.518274e-05 5.346856e+01 3.327694e+00 4.452100e-05 5.264205e+01 7.089728e+00 2.680846e-05 3.334289e-06 3.538797e-05 
1.257743e+02 1.247790e+02 1.750327e+00 4.518274e-05 5.346856e+01 3.327694e+00 4.501162e-05 5.308281e+01 7.764868e+00 2.678878e-05 3.652874e-06 3.598699e-05 
1.268387e+02 1.247790e+02 2.760140e+00 4.518274e-05 5.346856e+01 3.327694e+00 4.588795e-05 5.360546e+01 7.877076e+00 2.697035e-05 3.731447e-06 3.693752e-05 
1.279030e+02 1.247790e+02 3.643101e+00 4.518274e-05 5.346856e+01 3.327694e+00 4.685496e-05 5.420620e+01 7.818414e+00 2.714932e-05 3.727884e-06 3.800533e-05 
1.289674e+02 1.247790e+02 4.336405e+00 4.518274e-05 5.346856e+01 3.327694e+00 4.750806e-05 5.458942e+01 7.438296e+00 2.729603e-05 3.563689e-06 3.872005e-05 
1.300317e+02 1.247790e+02 4.790737e+00 4.518274e-05 5.346856e+01 3.327694e+00 4.798063e-05 5.513148e+01 4.930662e+00 2.732879e-05 2.357637e-06 3.936648e-05 
1.310961e+02 1.247790e+02 4.973780e+00 4.518274e-05 5.346856e+01 3.327694e+00 4.772675e-05 5.545641e+01 3.591979e+00 2.700948e-05 1.695496e-06 3.931229e-05 
1.321604e+02 1.247790e+02 4.872513e+00 4.518274e-05 5.346856e+01 3.327694e+00 4.806502e-05 5.531540e+01 8.438052e-01 2.734885e-05 4.028005e-07 3.952372e-05 
1.332248e+02 1.247790e+02 4.494141e+00 4.518274e-05 5.346856e+01 3.327694e+00 4.803884e-05 5.553784e+01 -2.646702e-01 2.718306e-05 -1.255694e-07 3.960803e-05 
1.342891e+02 1.247790e+02 3.865577e+00 4.518274e-05 5.346856e+01 3.327694e+00 4.717848e-05 5.456764e+01 -1.250538e+00 2.734481e-05 -5.969226e-07 3.844105e-05 
1.353535e+02 1.247790e+02 3.031531e+00 4.518274e-05 5.346856e+01 3.327694e+00 4.616798e-05 5.394705e+01 -7.530408e-01 2.716901e-05 -3.571040e-07 3.732559e-05 
1.364178e+02 1.247790e+02 2.051329e+00 4.518274e-05 5.346856e+01 3.327694e+00 4.520037e-05 5.349649e+01 -1.008044e+00 2.688428e-05 -4.730423e-07 3.633298e-05 
1.374822e+02 1.247790e+02 9.946926e-01 4.518274e-05 5.346856e+01 3.327694e+00 4.454442e-05 5.331001e+01 -8.456133e-01 2.661173e-05 -3.927840e-07 3.571928e-05 
1.385465e+02 1.247790e+02 -6.321798e-02 4.518274e-05 5.346856e+01 3.327694e+00 4.385636e-05 5.287679e+01 -3.634497e-01 2.646815e-05 -1.679001e-07 3.496841e-05 
1.396109e+02 1.247790e+02 -1.047154e+00 4.518274e-05 5.346856e+01 3.327694e+00 4.406333e-05 5.270003e+01 8.942662e-01 2.669860e-05 4.167427e-07 3.505123e-05 
1.406752e+02 1.247790e+02 -1.887127e+00 4.518274e-05 5.346856e+01 3.327694e+00 4.360875e-05 5.242450e+01 1.556872e+00 2.658307e-05 7.225077e-07 3.456213e-05 
1.417396e+02 1.247790e+02 -2.523389e+00 4.518274e-05 5.346856e+01 3.327694e+00 4.369388e-05 5.212524e+01 2.473488e+00 2.680032e-05 1.157703e-06 3.448997e-05 
1.428039e+02 1.247790e+02 -2.910683e+00 4.518274e-05 5.346856e+01 3.327694e+00 4.346459e-05 5.192325e+01 2.530162e+00 2.677920e-05 1.183330e-06 3.421468e-05 
1.438683e+02 1.247790e+02 -3.021461e+00 4.518274e-05 5.346856e+01 3.327694e+00 4.352847e-05 5.174707e+01 3.155515e+00 2.690910e-05 1.483495e-06 3.418227e-05 
1.449326e+02 1.247790e+02 -2.847843e+00 4.518274e-05 5.346856e+01 3.327694e+00 4.312696e-05 5.216627e+01 3.801331e+00 2.639468e-05 1.753748e-06 3.406142e-05 
1.459970e+02 1.247790e+02 -2.402178e+00 4.518274e-05 5.346856e+01 3.327694e+00 4.364218e-05 5.211269e+01 4.528938e+00 2.671744e-05 2.116286e-06 3.444329e-05 
1.470613e+02 1.247790e+02 -1.716167e+00 4.518274e-05 5.346856e+01 3.327694e+00 4.526869e-05 5.196493e+01 4.772647e+00 2.779531e-05 2.320674e-06 3.565514e-05 
1.481257e+02 1.247790e+02 -8.386058e-01 4.518274e-05 5.346856e+01 3.327694e+00 4.368803e-05 5.239247e+01 6.121868e+00 2.650855e-05 2.843180e-06 3.461007e-05 
1.491900e+02 1.247790e+02 1.680840e-01 4.518274e-05 5.346856e+01 3.327694e+00 4.463872e-05 5.282545e+01 7.084595e+00 2.676680e-05 3.326673e-06 3.556806e-05 
