# 1,2,3, 4    , 5    , 6    , 7    , 8    , 9     
# x,y,z, Bx_si, By_si, Bz_si, In_si, Ic_si, Dc_si 
1.002300e+02 1.247790e+02 1.207864e+00 2.612341e-06 9.912849e-07 8.431567e-07 2.918541e-06 -1.679191e+01 6.922013e+01 
1.012943e+02 1.247790e+02 2.255164e+00 3.053639e-06 4.217225e-07 8.376799e-07 3.194412e-06 -1.520260e+01 8.213691e+01 
1.023587e+02 1.247790e+02 3.211530e+00 2.310505e-06 2.377900e-07 -3.214978e-07 2.344853e-06 7.880524e+00 8.412398e+01 
1.034230e+02 1.247790e+02 4.008937e+00 2.137641e-06 7.032610e-07 -1.388751e-06 2.644374e-06 3.167983e+01 7.178935e+01 
1.044874e+02 1.247790e+02 4.590665e+00 1.890244e-06 3.974001e-07 -1.793018e-06 2.635501e-06 4.286967e+01 7.812719e+01 
1.055517e+02 1.247790e+02 4.915335e+00 1.228627e-06 1.513883e-06 -3.122831e-06 3.681499e-06 5.802181e+01 3.906187e+01 
1.066161e+02 1.247790e+02 4.959853e+00 2.134864e-07 6.681533e-07 -2.410404e-06 2.510389e-06 7.377493e+01 1.771957e+01 
1.076804e+02 1.247790e+02 4.721053e+00 -1.011195e-06 7.140178e-07 -1.734200e-06 2.130678e-06 5.448067e+01 -5.477360e+01 
1.087448e+02 1.247790e+02 4.215920e+00 -1.917628e-06 4.305258e-07 -1.321436e-06 2.368300e-06 3.391539e+01 -7.734637e+01 
1.098091e+02 1.247790e+02 3.480385e+00 -2.174439e-06 5.117302e-07 -2.545993e-07 2.248305e-06 6.502153e+00 -7.675705e+01 
1.108735e+02 1.247790e+02 2.566767e+00 -2.191584e-06 6.774066e-07 3.582552e-07 2.321695e-06 -8.876642e+00 -7.282391e+01 
1.119378e+02 1.247790e+02 1.540052e+00 -2.005537e-06 6.177963e-08 1.423090e-06 2.459914e-06 -3.534595e+01 -8.823559e+01 
1.130022e+02 1.247790e+02 4.732709e-01 -1.539249e-06 1.435138e-07 1.832732e-06 2.397663e-06 -4.985208e+01 -8.467336e+01 
1.140665e+02 1.247790e+02 -5.576963e-01 -2.120289e-06 3.113706e-07 2.224173e-06 3.088611e-06 -4.606444e+01 -8.164566e+01 
1.151309e+02 1.247790e+02 -1.479516e+00 -9.533487e-07 2.089995e-07 2.593842e-06 2.771385e-06 -6.938011e+01 -7.763485e+01 
1.161952e+02 1.247790e+02 -2.226619e+00 -3.026605e-07 1.604131e-07 2.309222e-06 2.334490e-06 -8.156245e+01 -6.207596e+01 
1.172596e+02 1.247790e+02 -2.745863e+00 -6.202244e-07 2.264235e-07 2.742820e-06 2.821172e-06 -7.646506e+01 -6.994453e+01 
1.183239e+02 1.247790e+02 -3.000315e+00 -5.590418e-07 7.434011e-08 3.066104e-06 3.117538e-06 -7.957781e+01 -8.242538e+01 
1.193883e+02 1.247790e+02 -2.971874e+00 8.934733e-08 5.371814e-08 3.260607e-06 3.262274e-06 -8.816869e+01 5.898453e+01 
1.204526e+02 1.247790e+02 -2.662564e+00 1.522066e-07 1.268380e-06 1.956006e-06 2.336218e-06 -5.685119e+01 6.842814e+00 
1.215170e+02 1.247790e+02 -2.094387e+00 6.364548e-07 1.122426e-07 3.032714e-06 3.100811e-06 -7.797012e+01 7.999839e+01 
1.225813e+02 1.247790e+02 -1.307757e+00 1.572050e-06 -9.767262e-08 2.569971e-06 3.014238e-06 -5.849675e+01 9.355526e+01 
1.236457e+02 1.247790e+02 -3.586271e-01 1.288344e-06 3.624710e-08 2.296571e-06 2.633511e-06 -6.069851e+01 8.838843e+01 
1.247100e+02 1.247790e+02 6.854902e-01 1.772652e-06 2.882016e-07 1.935356e-06 2.640257e-06 -4.713999e+01 8.076553e+01 
1.257743e+02 1.247790e+02 1.750327e+00 2.092841e-06 2.685196e-07 1.336349e-06 2.497582e-06 -3.234779e+01 8.268868e+01 
1.268387e+02 1.247790e+02 2.760140e+00 2.173020e-06 4.500655e-07 3.859177e-07 2.252445e-06 -9.865320e+00 7.829862e+01 
1.279030e+02 1.247790e+02 3.643101e+00 2.171064e-06 6.289944e-07 -6.817152e-07 2.360909e-06 1.678321e+01 7.384279e+01 
1.289674e+02 1.247790e+02 4.336405e+00 2.008481e-06 7.756431e-07 -1.396183e-06 2.566115e-06 3.296213e+01 6.888424e+01 
1.300317e+02 1.247790e+02 4.790737e+00 8.040455e-07 8.083291e-07 -2.042275e-06 2.338968e-06 6.082702e+01 4.484778e+01 
1.310961e+02 1.247790e+02 4.973780e+00 1.435287e-07 4.889260e-07 -1.987674e-06 2.051950e-06 7.562137e+01 1.636009e+01 
1.321604e+02 1.247790e+02 4.872513e+00 -1.147535e-06 8.281830e-07 -2.198614e-06 2.614694e-06 5.723192e+01 -5.418180e+01 
1.332248e+02 1.247790e+02 4.494141e+00 -1.674264e-06 6.622633e-07 -2.282349e-06 2.907038e-06 5.173099e+01 -6.841848e+01 
1.342891e+02 1.247790e+02 3.865577e+00 -2.143965e-06 8.238669e-07 -1.114716e-06 2.553025e-06 2.588878e+01 -6.897960e+01 
1.353535e+02 1.247790e+02 3.031531e+00 -1.902482e-06 6.479081e-07 1.479178e-09 2.009782e-06 -4.216907e-02 -7.119324e+01 
1.364178e+02 1.247790e+02 2.051329e+00 -2.016741e-06 3.629863e-07 9.949025e-07 2.277901e-06 -2.589751e+01 -7.979677e+01 
1.374822e+02 1.247790e+02 9.946926e-01 -1.934789e-06 9.023721e-08 1.609492e-06 2.518336e-06 -3.972545e+01 -8.732970e+01 
1.385465e+02 1.247790e+02 -6.321798e-02 -1.708193e-06 -5.356597e-08 2.361346e-06 2.914918e-06 -5.410472e+01 -9.179611e+01 
1.396109e+02 1.247790e+02 -1.047154e+00 -1.121820e-06 1.766496e-07 2.279593e-06 2.546807e-06 -6.351852e+01 -8.105129e+01 
1.406752e+02 1.247790e+02 -1.887127e+00 -8.143046e-07 6.086737e-08 2.769833e-06 2.887693e-06 -7.357392e+01 -8.572522e+01 
1.417396e+02 1.247790e+02 -2.523389e+00 -3.773367e-07 2.778447e-07 2.843232e-06 2.881588e-06 -8.064119e+01 -5.363463e+01 
1.428039e+02 1.247790e+02 -2.910683e+00 -3.499135e-07 2.564262e-07 3.119835e-06 3.149851e-06 -8.208378e+01 -5.376502e+01 
1.438683e+02 1.247790e+02 -3.021461e+00 -4.792582e-08 3.860171e-07 3.153658e-06 3.177556e-06 -8.296850e+01 -7.077322e+00 
1.449326e+02 1.247790e+02 -2.847843e+00 2.241763e-07 -1.287316e-07 3.276000e-06 3.286183e-06 -8.548814e+01 1.198663e+02 
1.459970e+02 1.247790e+02 -2.402178e+00 5.885923e-07 1.936785e-07 2.895713e-06 2.961268e-06 -7.792172e+01 7.178601e+01 
1.470613e+02 1.247790e+02 -1.716167e+00 7.948903e-07 1.271186e-06 1.685534e-06 2.255835e-06 -4.834745e+01 3.201832e+01 
1.481257e+02 1.247790e+02 -8.386058e-01 1.319339e-06 -1.595120e-08 2.732375e-06 3.034268e-06 -6.422459e+01 9.069269e+01 
1.491900e+02 1.247790e+02 1.680840e-01 1.804809e-06 2.418965e-07 1.776243e-06 2.543794e-06 -4.428798e+01 8.236621e+01 
