benchmarks/benchmark_3/0_5_2_above/art_dem.ascii
ncols         127
nrows         127
xllcorner     50
yllcorner     100
cellsize      2
NODATA_value  -9999
[rows 0 to 18 of 33, columns 43 to 85 of 127]
143.4148568303862 142.83792043765936 142.77392618901501 142.1302755455947 141.81493488635488 141.15853638878997 140.93751310053534 140.4682160719998 140.3853406768541 139.73908677151184 140.1781225014028 140.210298250969 140.0713824270296 138.45733934702434 139.2039543562824 139.80921086231857 139.8091088598284 139.54014553693196 138.73310695613935 138.13790900763627 138.43545129049647 137.46108491604284 151.26467157547904 150.83768406950816 151.38764868876675 150.99884897997686 150.5616051008575 150.07502601846585 150.16450835440628 150.08350789836547 149.80830572711224 149.22623338326946 149.17947273018385 148.51913274059777 148.61848218472488 147.74786183851012 147.72552803132135 146.3586091119974 145.96619338988165 145.60098957261403 146.85813315094242 146.80567434962143 147.13114244272924
145.06515156693584 144.225443490619 143.73867982787007 143.0873351950389 142.44631979236158 142.0901509193905 141.53073858899518 141.19047515675715 141.07138743981739 140.66093257144053 140.145208833835 140.1742484673295 139.8589227757237 139.6732651368893 139.49780672506165 139.64840585116121 139.17465278008797 139.51838619330402 139.15209535237602 138.96991189053605 138.44545306978853 138.07324982567408 137.49980611518708 137.71148226722602 137.92844800947978 151.19009828451414 150.43834620084337 150.69317162023012 150.6337126171965 151.17652936383823 150.6365661954323 150.10921185385467 149.37023676287993 149.71973726046633 149.00296427128308 148.82634726927017 147.6126414093082 147.70304960652493 146.7251555594845 147.3061491849169 146.33027723088475 146.71349833203092 146.46503097524453
145.9469541353037 145.2130168285205 144.09531266313496 143.5798392484204 143.2269067498285 142.34628870382133 142.51839118922703 141.57534478713396 141.44509282379516 140.96732544884603 141.2086543661874 140.39796885167192 140.48713650779484 139.57425762026287 139.83005643050527 138.39472401317568 139.06629712997062 139.096007508044 139.3866062421975 139.01796326052943 139.47494181800948 139.46253393981976 138.8894972317869 137.61749049799067 138.03252788590734 137.76526345025673 137.91158315718033 137.44148777127128 151.5851297510768 151.40930459023406 151.6853360759687 151.229801113169 151.16879461917807 150.81213084956318 150.3765437292755 149.38101386988538 149.0955803151895 148.52784901907762 148.41284728083264 147.47218358268304 147.59296582082527 147.0520571571805 147.43433593229037
147.28614929116583 146.19620154889327 145.76799112630843 144.96950256837854 144.18090928616948 144.09995635877817 143.76707942772578 143.07705920351287 142.33748298529528 142.31391854946366 141.90046572103762 141.71741515426672 141.34569204460342 140.71813937005783 139.98109270816587 139.99876393654807 139.30291237051335 139.4559647072151 138.320881525533 139.05032854669312 137.60142629754705 138.74371259822752 138.65659216601765 139.2467029887507 138.73776097595015 138.84450839027463 138.757432346624 138.28724086438785 138.05563641663002 138.16518140478195 138.7620868215383 151.9676484414121 151.99990697972657 151.67225829625883 151.66494080819234 151.40450061471472 151.20776108990276 150.68598043541272 149.74627351621882 149.71068644258494 149.1433882149741 148.6390546483463 147.8732894584325
146.9874706605627 147.07939538311757 146.01924955985612 145.19781722870175 145.28418076777393 144.55798562213766 144.0974699330046 143.231501207936 143.47336032131452 142.9236619138486 142.8326497113682 142.76949741348992 142.3963741741429 142.35447556287238 141.90705681999884 141.59252091854495 140.76928905364247 139.12600007773153 139.71409621441043 139.63723304951924 139.52369247251514 138.17317037471096 138.98510807815256 138.5420469002337 138.6904226226505 137.3104171269365 138.93381243478422 139.29037737557076 139.04775472539598 139.34030143060113 139.08805130706824 138.25259843865376 138.46684380219494 138.9606414846814 151.92892886727 151.89656406904825 151.7742252522083 151.64818268333823 151.581747918722 151.1749222650113 150.42759008657868 150.21451117159762 149.70400400537324
146.18716554414874 146.57189885375163 146.50243235065523 145.7367238842509 145.51328514237667 145.27392074884176 144.54414788968654 144.58520829278996 144.04416923075152 144.02334546952454 143.4157446852476 143.5094834454387 143.01193054030514 142.10012997782277 141.2209329654506 141.66224116750843 141.95366872602 141.84079945740365 141.18231980523666 141.20384405136818 140.35064386096334 140.05983523629925 139.05340893153647 139.4620292850363 139.12503373049097 138.7305286134405 137.87908386408623 138.69568341366903 138.77689671580083 139.04425943275555 138.15476049637914 138.82900856555617 139.2078123681278 139.2232028041872 138.68734595787515 138.5027514555562 138.0994834833994 152.11691982883067 152.14026302713432 151.98439128917641 151.64684450421325 151.02724045133192 150.86923572152688
146.41497734819797 145.99322941881155 145.8713878930602 145.35226157692966 145.29210206272134 145.3915732549462 145.35379856685853 144.42112213089035 144.4423225129828 143.99436903591732 143.58831649474809 142.72650583805378 142.8467127059057 142.6516362616511 142.89907397599382 142.12962869415338 141.71534278009872 140.87549564462046 141.10949495231637 139.7917860354649 141.16945322993925 140.99998388279738 140.9133080635455 141.07329597078882 140.54056774241144 140.39925104381405 139.9421468425308 139.60471652436917 139.9208310773996 139.52693703609515 139.0729165849586 138.7657362153005 139.47474634446175 139.2225317461794 139.1571357640296 138.4828730691571 138.2663903766834 137.881186997145 137.70464966919462 136.8746650162153 152.32738198493453 152.5610938143526 152.2026554455387
146.13084964577698 146.27266845331243 146.60152435015635 146.06860790790796 145.97916368907022 145.32662871534455 144.78132143138942 144.70761804016863 144.04686995314057 144.65486007924554 143.87906856463042 143.7753669998812 143.55191878974375 143.58711145806714 143.95241315089342 143.32118522609713 142.4969784778387 142.66379811793442 141.7511456523522 141.47157457126755 140.98930702197998 140.96435191076944 140.78659089430272 141.2246672928423 140.1574580440511 140.962255849148 140.74878620220744 141.1571427506926 140.85182645817065 140.6017017316665 139.9800477250549 139.89559605933624 139.54067082010909 139.4960099776505 139.46174841233017 138.8880509745918 138.00057238843988 138.01606053110888 137.55578896994547 137.43593691944056 136.72244630722986 137.33044111772716 137.43541970395927
146.28517646880175 146.0425735387864 146.37968538545144 146.54488043258513 146.4281694514271 146.07729394853635 145.79661804227453 145.64054486332446 145.21424554269475 144.71313787513785 144.83056358915263 143.92162305740175 143.6925483376678 142.21655540170042 143.16450681405487 142.84037681667962 143.57957322906907 143.30781668120366 142.9781867522029 142.43716319400312 142.34230006574845 140.8050791378023 141.2796226428165 140.52406300237058 140.66729900460382 139.3973896316208 140.52009742005936 140.47675834208323 140.46956632231417 140.19605232063057 140.8179493749313 141.03951930242238 140.78603926390855 140.41851431947387 140.0243806851654 139.89119551063123 139.74759867804678 139.41808594150135 139.43742651092163 138.88763769909895 138.10407237686266 137.136731662477 137.58407113417314
145.5374915809196 145.9202471022242 144.66610040042292 145.5710913683388 145.7536153859719 145.33153869179506 144.72642303796272 145.459905634494 144.8958704967385 145.4409330085317 144.19811726571882 144.85980256476657 144.19359549304505 144.46686611642292 143.66540477591866 144.0140159151233 143.52908666075027 143.40653268394237 141.98600993251955 142.7009006246535 143.00662057280118 142.64183971669272 141.65351564348128 141.3437761898031 140.57974806721086 140.92696214483203 139.059731540579 140.31961917289667 139.98512783868676 140.11098118259554 139.4287343029341 140.09463072547462 139.9940399081771 140.24293455801907 139.2080878602644 139.7010500218983 139.771370263769 139.57577269835872 138.88689783404698 139.24225873667507 138.91182285465337 138.7735636281052 138.37719778518965
146.50331003868092 146.60632121983076 146.39655554318693 145.54426823101758 145.66590938602417 144.8470254507851 145.10756615922995 143.5366591726863 145.06546736941542 144.81815143779122 144.81790763823588 144.0199001857173 144.81668530531863 144.7320622241085 144.3604688672168 143.07890660117818 143.9866509213688 144.07882581746344 143.8535720715574 142.85594113082144 143.40080053757544 142.93634371471865 142.92461945074314 141.43522735866716 142.423205505219 141.7313545064493 141.41591742106704 140.08676233091958 140.80643390954717 139.73687126375327 139.74476896484413 138.31355964780192 139.70654116640972 138.55079197970494 138.764220998557 137.50173580890828 138.6149278405982 138.3351910881857 138.50734182646366 136.76427287315073 137.9149419164333 138.13112549271415 138.92113462664474
146.25112931916559 147.1742865601404 147.18369102251654 147.43074270649242 146.0871293334061 146.69007573816253 146.5355540020427 146.35669996903312 144.79362420899898 145.34060593700707 145.19516844775833 145.26483015771618 143.913935005678 144.58218445882343 144.22535398837465 144.3814407175978 143.36742548699826 144.39235527838434 143.70787848494564 144.34105247753806 143.67887156685083 144.3765800088107 144.00001933482343 143.25612727605593 141.8242727950544 142.3154868970231 142.12483064933258 142.0488973538151 140.5730609062013 141.2023889070564 141.16230160387704 140.45387326991076 138.73010977636147 139.78797896764326 138.59516914791777 138.85138419612798 137.143954857414 138.1832136396357 137.4586101485204 138.29530564862176 137.08805497782816 138.16931567648072 137.58394021210913
148.17025128473594 147.15773544802224 148.1686884913628 147.43542206121674 147.420314628428 146.3267237413212 146.85849699397068 146.6537954173637 146.75439669534785 145.09371910854475 145.85945758728136 145.21187289480542 145.21034244011992 144.02784400244832 145.1490367576061 144.93570196259333 144.54391708782535 143.35263903952014 144.29254402944758 144.46123018727073 144.38075201307237 143.65552041409902 144.24191210109586 144.12638753765748 143.96217088568537 143.4702030699747 143.3535822007712 142.16528720573172 142.10187532102697 140.98293269811634 141.63361315846424 141.4295957807008 141.37865098658725 140.2542951725864 140.8325857934118 140.18534786785216 139.80925192358023 137.96079907331875 139.09261554044429 138.1076824768313 138.16798428937952 136.3396019904769 137.88336310771172
148.86243183621812 148.33990696874463 147.18438719178567 148.2874912416963 148.09922547961352 148.0948118253471 146.7910510519426 147.49581019644378 147.38686435284777 147.037418628701 146.51898884087473 147.07066253950302 146.14952410220326 146.30825280422388 144.74685027242208 145.62201787811694 145.69171990397695 145.8012074505001 144.13152758457426 144.74184309510147 143.9179838965399 144.08425943387982 143.31896764489215 144.13238386243006 143.6894803901862 143.63470804361782 142.86558639901847 143.51438698892085 143.7303695250821 143.37251521847946 141.51200415316248 142.3131102884155 141.84542535893098 141.62625445231953 140.63365332950977 141.652557612222 141.01644959590806 140.15878979601806 138.4277356134599 139.39506918099676 137.9171863178184 138.38931562229556 136.47122115300388
149.3474380782792 149.08622963572094 148.80676091271073 146.48041645121907 147.93610224947088 147.09209849858297 148.0155815791518 146.73621833560264 148.06074466482679 147.5905381927506 147.6548272887935 146.4101812159544 147.38939674605905 147.409740085081 147.00712184727792 146.74026484939063 146.6739459024771 146.4277356555283 145.99404624098537 144.80084712985186 145.5082737300644 145.5555704241112 145.43026937344155 143.77277713695136 144.06864408963511 143.28802192946262 143.73018313695155 141.9891877923772 143.20024537053172 142.32999369066408 142.77699669393687 142.4487368420559 142.22116071891153 141.3250329477352 141.85649559538922 140.57126554663685 141.40133095892043 141.06690322935674 140.97474669677501 139.8349061179611 139.9640041134342 138.82578129302783 139.01431562490836
135.6510976800853 136.66662496253286 148.98695082294302 148.3571786071219 146.83011346308624 148.76335667762345 148.56089460553716 148.26923426569067 147.0276394680767 148.1270619050307 147.75408509983217 147.58025520639137 146.5364812522546 147.0569793627165 145.9950533305734 146.2391440213331 145.12932659454992 145.69320401339428 145.176653547023 146.1709387430532 145.27852823052854 145.5349395512701 145.22588139574157 145.81992579028008 145.13854396287687 145.3968998636848 144.26726049954289 144.26452556915788 143.6899827175258 143.71143523840848 142.77720394148395 142.70218650794166 141.3244989158162 142.19109548961003 140.82670996442425 141.4005167490405 139.87270165984503 141.30312052205204 141.41061565320638 141.4958385693039 139.49082733739516 140.95958943072628 140.39542200804928
136.6617466232798 135.6224011349981 136.6032833017236 135.73047782289888 136.3873619677318 144.58672186286762 147.88308331988117 147.60116929998853 148.7575230534348 148.3503840570882 149.03027013121363 148.59519832548023 148.12124894290278 147.22424484893304 147.18760338086616 146.32759420697624 146.3314020933753 145.29572150040784 145.84075827031614 145.3033477902344 145.33587431787208 142.47914214505113 145.1436446511879 144.96509709546456 145.50651707872964 145.07974503222368 145.5220935025223 145.61104341934546 145.28325937112086 144.73460783759185 144.4610514606107 143.78555736315175 143.95646405861515 142.52962158643192 142.61351956701395 141.04016393457354 140.46353105166853 136.6354477502425 140.30515271407936 140.65995630338398 141.20632308957784 140.3808684252649 140.5977219184605
135.52699877965273 136.64208846315955 136.04188818418322 136.6716979511557 136.05234816097874 136.91773855641236 136.03339403981585 136.54324585202747 149.21650665647627 148.95786422426943 146.72453067227875 147.7894337272049 147.6760578982359 147.94737371000534 147.01540223203546 147.8715877012431 147.6687974011034 147.20085500102482 145.57119189677368 146.66815443274373 145.61046176993455 145.86984633138164 143.55256489766367 145.03474460405477 145.1171895556283 144.839258381205 143.6336998238965 145.5172388067119 144.8099424677459 145.4631261875245 144.99455322635967 145.59677370963485 144.97109808259586 144.3270826338442 143.38119086587267 143.70621733408476 142.85335422801245 142.16034288436413 140.04686910424357 140.9081965959362 139.9476178929975 140.72428249569046 138.3729753164498
136.99741581857225 136.48009100050928 136.852189488508 135.933213048394 136.36922463807502 135.50998789095684 136.65528169559923 136.17663681492533 136.93492701222198 136.33056920310693 137.28885847877285 150.368879101605 149.33122792998574 148.04783287304122 147.70729644809734 145.9870241222243 147.89576356109393 147.52285983006826 148.07155978552203 147.23174359231186 147.56961394332058 146.61132884550923 146.3019738047723 144.6430146553544 146.19110546034656 145.54668503182813 145.55792418178768 144.22982472345572 145.6869061700812 145.02586082090062 145.47027394559348 145.0887676668143 146.10107996327798 145.74964243953218 145.48195588489256 143.53428995002133 144.34402006326468 143.30484716579699 143.4626545403705 141.56163224896358 142.21113782902466 141.431387741739 141.98172755363618
