benchmarks/benchmark_3/0_5_2_above/art_dem.ascii
ncols         127
nrows         127
xllcorner     50
yllcorner     100
cellsize      2
NODATA_value  -9999
[rows 0 to 18 of 33, columns 0 to 42 of 127]
150.9144270300494 151.2228419460829 151.47267602527597 151.1190410382063 150.28346022679602 150.94139283473743 150.68799210410126 150.20233782821614 149.80544894809992 149.59694059366944 149.34911574687413 148.9499506681979 148.2715214572955 148.8703836865827 147.94751526126743 147.33336779828676 144.5597055100031 146.5875323239284 146.41673011977176 147.0488958083406 146.62387482532642 147.04645138338878 146.72797680478217 147.0663222696002 147.77084801075335 147.69145862563488 147.75257958280423 147.36146071552693 148.39781542098194 147.50551689435522 148.89514418813664 148.59281638000212 153.11206003270715 148.38113701825483 148.18758187971306 146.2526627889957 146.6674232414335 145.1822448821814 145.35218166757323 145.13261983831717 146.79377325885957 144.22765362345652 143.85330199891573
138.06242269277655 137.82915449743032 137.6506867911432 150.90083435577253 150.6019201522096 150.41165351142524 150.66392702116357 150.71417670752288 150.08849867690844 149.4411438261106 149.95712874710583 149.60370359035787 149.5864583406189 148.89741622712734 148.42566416081 147.6428387689792 147.81390276170683 146.10675689842748 146.47991731975168 145.94332136478178 146.77276001630437 145.80192141699484 147.26062727857368 147.30408795499272 147.22310808916785 146.74193817239404 147.3096644450452 147.22454592528868 147.48408468438816 148.41957895304068 148.08071245874007 148.97213575236376 148.935430506953 149.79638826405898 148.6612674843751 148.71746298765626 148.1646728509897 148.75648617524618 147.3353909600047 147.13131889572446 145.85981447213953 146.00910533784037 145.37712061063496
138.80261055972906 138.65167837299992 137.74416586033132 137.8990810760959 137.58992577201724 138.13108749301705 150.84331544076383 151.2852448655699 150.75282778217394 151.3063779787408 151.09662407613365 150.72190519354348 150.3527723981276 149.56243740468744 148.92028288587184 148.93235201903124 148.3585859013241 147.7364175028048 146.5550417556319 147.49803958125239 147.6198948559725 147.63094947325519 146.7470848923687 147.24615829899008 147.13611392462985 147.1316135697875 147.39584541098398 147.2542492161003 147.39704203534782 147.18997160441492 147.65344552565182 147.8869669870108 147.87518640425012 147.84859159554514 149.22572533415672 148.2887298508639 148.74445697807698 147.7429072886141 148.82502052156914 147.59646466330582 147.521637719117 146.97530459258616 148.13061834670015
138.86870580033928 139.16156135832605 138.89653119693543 138.4899349858066 138.6224533393054 137.83656131174337 138.40202676986877 138.19348052579602 137.91129110205395 151.68002412844737 151.8271699828624 152.10518100791916 151.49296455049827 151.49393865902033 151.1538641251169 150.00176052551558 149.95164731909992 149.43159960620926 148.75669937081324 147.8500031169421 148.4032017481843 148.0155528556887 147.98144977355813 147.12498245557072 147.48157233881255 147.72572691226594 147.32245154715318 147.15789545415322 147.78438514821852 147.82667193541965 147.62323636069783 147.75934417701964 147.734567803354 147.90754564703536 147.56431385611143 148.30760121011886 147.61655349971522 147.47036028037775 147.50386199721407 147.95424959059824 147.28189997726884 147.4416099511838 146.8401193418801
138.33406392181342 138.6938016618526 137.8037432916629 138.5347198920968 138.51901554068323 139.23624419708074 139.2586635960805 138.97032369992948 138.50550273365704 138.77215425413021 138.38148114431183 138.5634085103341 152.3885575673349 152.2180193630308 152.1383215588571 151.77184510467833 151.76476599040046 151.20347946074412 150.33254882942958 150.18126203337872 149.68406741461192 149.3495717602509 149.2228158013475 148.6342259466037 147.20951018102082 147.97260175740936 147.0930821019893 147.79676310687995 146.83325167806598 147.2839543346406 147.0220616572234 147.26352700995614 147.3152200207049 147.10324432786268 147.25389867499555 147.51917690200585 147.39585399297073 147.07314920221668 146.93358987441187 146.9714651411153 147.3079244804283 146.78191514755974 147.13894656560356
139.79313677423707 138.73356306481125 139.2856420800993 138.17638891124227 138.7368488182326 138.2817725723281 138.93489724771445 138.6673221033912 138.68729338505867 138.70585486797387 139.24057722832464 138.91935747050144 138.8813651877724 138.381794276398 138.2232950061992 151.93483676315267 151.96594333645155 152.18102418724274 151.71184804716418 151.5426077182277 151.3679268148332 150.62138127497303 150.52581019534313 149.50660145741352 149.54489167713763 148.46066932666247 148.09005358960917 147.55605609149998 148.0667741797824 147.30662479665682 147.42084720519523 147.26130756421503 147.24100391647113 145.79947036800957 146.442879684966 146.07939664621628 146.58812208719516 146.38479850749906 146.68765310803016 146.3877758968173 146.30609565055798 146.32867128530697 146.34150098127085
140.77915430070394 140.66647053836823 140.087163323759 140.15604314355306 139.478295896243 139.4870891676008 138.92069471541367 139.27526942548212 138.6667921173679 139.2248897785617 138.8114384769945 138.83814948141605 138.7826883965256 138.80304032614444 138.51760817115937 138.49148751973416 137.79159128404115 137.91380458434128 153.21812594007298 152.6311545274476 152.19382912405115 151.38218192315034 150.75406148710414 150.68170783816356 150.1267967001525 150.40341710555893 150.63345203448245 149.9643804454543 149.00931942318886 148.82049759808874 147.46131623062575 147.31362919976166 146.64187352910636 147.36842405869933 146.8564240816869 146.61233398991044 146.52241390998194 146.0421554163866 144.51975036675952 145.97324279140219 146.665111481473 146.74402250349254 146.9388005474952
141.05101612807852 140.67747179438516 141.00396248242322 140.98821953617016 141.21675556795606 140.71926903850263 140.99286991137186 139.99713758542566 139.930032166148 139.55325213721693 139.81933141678246 139.3320480943572 139.68033892927266 139.1097677848269 138.93125809365137 138.0075990433415 137.9734275795106 137.54951118897424 137.50844213128505 136.95877336152097 137.66783560711488 152.28599373531725 152.5078425878186 151.97347722594307 151.92143614059992 151.6768364249836 151.33903048537707 150.44343842444698 150.3989953731894 150.67732877200174 149.85629459357153 149.12549639259277 148.5913524350255 147.6376853866239 147.3759719974236 145.2396237252847 146.27429323708515 146.34280658874079 145.9978649860645 145.4170082203554 146.18868393038093 146.4366288203854 146.46036897511203
140.97065189441727 141.0720520834172 140.61687593417628 140.5423973386615 140.2879051943642 140.76980121645943 140.6729851581478 141.04884438693938 140.89948577100222 140.66495130975812 140.34967965310366 140.4791386681222 140.13084452755618 139.822421385334 139.29470145678448 139.67411749500872 138.88803178255378 138.68700565570492 137.8779413272199 138.09670692304474 137.1877865893544 137.24579837111156 136.52666306940955 137.34836496996337 153.68147780983088 152.38377580136603 152.2391406394136 151.38031963926952 151.3446398854109 150.7887474646811 149.86383576173534 149.98746984474442 149.60114763575982 149.51547843700013 148.83105556740844 147.94733732899263 146.79921621644687 147.24591152404966 146.0588420696294 145.46029097936963 142.31497612993053 145.12328641529436 144.90003487025902
142.61093532570376 141.33378958601347 141.54515538502432 140.46637982426532 140.79853253051587 139.52966873221465 140.3422389941299 139.98909802452246 140.41263398056847 139.787552772182 140.49773638450569 140.09453505934187 140.34182184484357 140.32379767586997 140.57949001135964 139.99410027468952 139.6835036596622 139.5485917974343 139.15456708650137 138.87161064125988 138.71592609928564 138.06817339888516 137.7741737845787 137.28215756504338 137.68628102048632 136.93505006513033 137.32374892993394 153.05703778903103 152.56422803260932 151.85771585253946 151.31049866585954 151.47425138717946 150.48707499202078 149.23945319880428 149.05106935335775 148.29700943572166 148.1222764406632 147.19867723122587 147.27366617446637 146.5628411020321 146.26907339425742 144.68005443926387 146.14970713509013
142.2042942494092 142.87920728432994 142.18637440136746 141.9346420652108 140.72938410878544 141.171793316545 139.9985709037219 140.04291688985182 139.15774271739446 139.6498689191166 139.357119393521 139.56623897409835 138.9778966816043 139.73610053184052 138.63315103685915 139.35017200394427 138.57845775321888 139.1041916385344 138.15974626718773 139.10800080496554 138.33509797950296 139.0549687674051 138.29412868319318 138.3338562388816 137.5286657600009 137.3963215325649 136.95102564425744 137.20375921768584 137.08385754479684 137.66154451537156 153.0511167453724 151.88181634617803 151.3346901214132 151.32217872484486 150.96050059624193 149.86270350637574 148.9672326384631 148.94471105138646 147.53143270008286 148.1413877773852 147.08587835651582 147.14915001698415 145.12399261577215
144.11301772617378 143.18581290513822 143.1900852629489 142.27907561054724 142.2268851639576 141.4287625831362 141.56590702963078 140.9015710819407 140.80959644729296 139.64401121514283 140.09272292295896 138.95533897120194 139.53400808067775 138.15130694823767 138.6787625771593 137.47829252043084 138.578331914832 137.40006570322888 138.2297164952728 137.1452726734133 138.1883032979768 136.98734018092728 138.24105810497554 137.73570272785986 138.18396550618414 137.75048682297236 138.14187244492138 136.71207881653402 136.80614502765286 136.1723615075202 136.90404863582162 136.85407749832626 137.35358712387657 152.05506551873168 152.00109087783966 151.3239883076844 151.33145282834695 150.54876560027486 149.66296884614343 148.5731434653743 148.2930390856758 147.68575525384185 147.58735650167344
144.00407768944885 144.01316458206009 143.8898592416621 143.96721926968215 142.70257138872773 142.84035946283677 142.08204221967662 142.45547841997882 141.48957079295775 141.52799621954819 140.80907940000824 141.06497084500472 140.01742863177702 140.09625523383494 138.90086933845987 139.41367989618402 137.8346697330951 138.49912172975354 137.22224910739453 138.30753504411672 136.9237285331366 138.36339764924213 137.5901376522858 138.38948638056837 137.08583491694856 137.35212176359516 136.6691953086717 136.87622135256808 136.1183633226746 137.11727318920202 136.60903510961748 137.4067584088041 136.50390306350727 136.82481487511194 136.58685377673856 136.91194198008154 150.21431357012662 150.76702930863334 150.95870814587596 150.84584763274304 150.2357551776846 149.37308614898427 148.51864400415434
144.2988207960051 143.91861558488796 144.29656478431355 143.6433956073442 144.1157687993484 143.36792946744228 143.66537667915222 142.47327034734997 142.49767674587076 141.87161340774634 142.37615478590274 141.13269278629025 141.8208182143805 140.67222212625038 141.0166332370337 139.70723991167918 139.80047770393813 138.65942384969483 139.33415636470627 137.68311040029488 138.59567432288355 136.97716902371053 138.19514679812926 136.83093931418674 138.06532038212595 137.10584852961392 137.3769066237446 136.1704867901879 136.88421748109573 135.80938882282987 136.63979950513612 135.16937834168922 136.3169469476232 135.89057360346214 137.16053742724733 136.44028035693464 136.61707027177331 136.12881472694727 136.82670519589172 150.7066382568472 150.37883056520485 149.21914412730126 149.60858055697346
144.22477512930163 144.71250940848455 143.65389623989745 144.25666285451763 142.83495030752556 143.30231256237704 142.85606818150154 143.448253306695 142.71154825501043 143.35069929259802 142.45206829129773 142.4136391306546 141.08602226982111 142.108287151415 141.32011031295357 141.71075503856025 140.75269673566248 140.80970562169017 139.65658014705892 139.56736208155192 137.99508762176623 138.37947726173735 137.31872929315858 138.7179589995395 137.56537075417617 138.1541146950134 137.10119590369496 137.4650610181858 136.16097327719706 136.76896252914148 135.35699121412142 136.79163754640433 135.51030367517546 136.3929999620812 135.34673628338214 136.52178591786895 135.01207504097837 135.9017245802791 135.46027018972677 136.41412420301458 135.80856155882003 136.613581407091 148.5733167545593
145.83447978743607 145.15408152516122 145.94759221903357 144.81616412621293 144.5213561203698 143.55617905356598 143.8134064633625 142.80884676613238 143.29070851000128 141.9683358059133 142.5869240769802 141.77019777074102 142.58513065446851 141.01805021596627 141.2450072705446 140.5209431399186 141.4943235304762 140.7704550767579 141.1699735846322 140.22098244620383 140.81749065624945 139.425747909941 139.7049280948296 137.72908945053047 138.51349883580858 137.17546895464784 138.05563355612773 136.92778377745847 137.67626722234166 136.38728288029785 137.4047273386435 135.79484062481097 136.87605672946094 135.78372017478597 137.04051348485177 135.87431916656402 136.71782140535282 135.4241457390885 136.0275411315082 134.79539312930777 135.6781021539465 134.8679930986603 135.75399181984977
144.7369695332426 145.80477281014214 145.11741394057753 145.64762871269795 145.18072048501142 145.84789134896934 144.89093130929373 144.97134769010705 143.87386950621965 143.92462853907043 143.10288207151618 143.56641689238563 141.84313460380395 142.2074807987065 140.07079828261004 140.22915445827155 139.6500701834387 140.86713278816802 140.32194372268322 141.0642511255738 140.04189164035304 140.62782490508346 139.29341475608027 140.27636105761684 139.18958613276644 139.6137561119931 138.1809092618946 138.58296513521674 137.27795395483395 137.56728177406697 136.20923424923058 136.65526927744497 135.36684481155245 136.857431333198 136.19304431306537 137.23787782270702 135.96525214338345 136.59453431101184 135.59982385083717 136.09462373280564 135.19658278546922 136.44010853881602 135.58800079927602
145.62275420930814 144.36427180349722 145.14806011346815 143.9273891137618 144.9334861129447 144.91079141898697 145.33030035669663 144.89756801219073 145.59675381975785 144.76883070789148 145.39441936398458 143.9267332058659 144.1329621654041 143.0842881660799 143.50736238320295 141.5259531887433 141.3712555988202 139.14464134278086 139.7733864178515 139.15313552124655 140.35793219342236 139.9966563204883 140.68275702516405 139.82248712586187 140.12756992291486 139.01434038095363 140.02795438437158 138.3103863220754 139.05391443274502 137.30918892360887 137.94607628034015 136.57596634833817 137.479502691074 135.26744333908002 136.73206252224116 135.3670568894354 137.00878179231796 135.88242630603997 136.9134742108226 135.97742290500906 136.5820987712957 135.58478840675832 136.286817566861
145.80213323543188 146.1114423647426 144.7943631323802 145.82422233236903 144.56840412416588 145.5982238373906 144.49141848103355 145.14354099674998 144.77735448519815 145.57624301105034 145.16965565524123 145.7122950026513 144.74585877428555 144.9230695767826 143.8774953356625 144.18721881214583 142.68655311101847 142.8510330017956 141.67857715792647 141.6776507084479 140.25190624760683 140.98205995367016 139.53141134086724 140.35495034269343 139.21599106483526 140.18764130961551 138.64005877914775 140.0274172924179 138.40408565084095 139.41591443463065 138.01598399436884 138.77738280421588 137.14328792209722 137.57389793493792 136.3095085115166 137.36386937537142 136.030256372803 136.7884516916238 135.30727203289825 136.3678722146052 135.02201066787765 136.8031492644079 135.978737121061
