benchmarks/benchmark_1/art_dem.ascii
ncols         127
nrows         127
xllcorner     0.0
yllcorner     0.0
cellsize      {cellsize}
NODATA_value  -9999
[rows 0 to 18 of 33, columns 0 to 41 of 127]
0.5883115576414137 -0.15731693823187848 -0.912163125178066 -1.4484548257663055 -1.3366970943710086 -1.603573105103664 -1.6286491194745099 -2.4179504246615275 -1.9645446419601367 -3.7488787765405487 -4.244413860370856 -5.351046551788579 -5.828454561325817 -6.1233181632430815 -6.574989922606495 -7.813192374192572 -8.218875093324684 -9.22669837055171 -9.664000702521822 -9.786810940405083 -10.64433759700602 -10.812625114212343 -11.788895520602985 -11.940530125278556 -12.729028551357796 -13.06287264915032 -14.233078528847354 -14.848248525412982 -17.475730837971177 -17.119855651753277 -19.027968750016015 -19.933223165652986 -25.874302807415756 -20.993401868740598 -22.075315671919146 -20.78207337646471 -23.514181916082503 -21.752656015391285 -22.76292665323053 -22.280330069762968 -25.4444812373215 -23.125775024473064
-32.90393572675793 -32.80761130439009 -33.43674496317329 -0.3893605365783689 -0.3998296078830535 -1.0434277786803905 -1.221930601050245 -1.534763696752735 -1.8588719855668727 -1.8488288422291224 -2.636677899311178 -3.588821411430306 -3.9322885347769594 -4.168840237492397 -4.968758266709798 -5.27563246225157 -6.19176020990754 -7.215905128830004 -7.598669750563418 -7.807062463083415 -8.836322717662293 -9.991118697405415 -10.249482088930726 -10.268005569804561 -11.026677448655658 -11.628170453216772 -11.845964278692334 -12.429384418909033 -13.852341358491689 -14.971399498118679 -15.489248976697564 -16.419813604093555 -17.920755508437363 -20.61366695428971 -19.85558818332707 -20.85524266992829 -20.95288352873175 -22.899019458369967 -21.394200416001013 -22.064895189344863 -22.010512902897837 -23.42936117484435
-32.00768437758045 -31.85192597340808 -32.498406482658496 -32.898554599425346 -32.91984239962142 -33.59360837147642 -1.18041872372019 -1.3014017318065068 -1.316300116039359 -2.1014578592760196 -2.8495083207612995 -3.131081051696091 -3.4093467852536588 -3.324349669373601 -3.1919084420736654 -4.064805112120597 -4.2205429326306705 -5.18834396448522 -5.906847271346816 -6.4810665894035235 -7.469503190566014 -7.699214491099021 -7.812014101238628 -9.035432259726273 -10.052895982460601 -10.54061573550639 -11.844793543761355 -11.772224127191853 -12.089772338392608 -12.132381007431501 -12.992396434058696 -13.849518201811811 -15.057418219814085 -15.496237463841956 -16.841624591917032 -17.292213673243555 -17.928282726675604 -18.893967261834504 -20.809725455388172 -20.013976007868695 -20.398483021030543 -21.084535433592677
-30.870393119378807 -31.437755464741468 -31.340359011312856 -31.926715712125723 -32.292255830033575 -32.81208238520771 -33.252614701835554 -33.82140284978895 -34.27318109349745 -1.0570689127611412 -0.9274612501244701 -1.5445290915071026 -2.1299392921445675 -2.4909169175120285 -3.492457808663352 -4.052158823357623 -4.113322357012068 -4.966214970648678 -4.924110480565095 -5.261364399265875 -5.718845323192952 -5.544979971889136 -6.3518199135337685 -6.8851387664814165 -7.285245037010152 -8.357929755939692 -9.180181801568281 -9.912859539343762 -10.267425707262829 -10.609007594579149 -11.524998398222376 -12.166484957592905 -12.321042364693866 -13.28759163042421 -14.353457761268624 -15.820889875561111 -15.982646592753204 -16.611024603379462 -17.374752259880225 -18.71955007159008 -18.03640251227879 -19.159266156175356
-29.476076904000777 -30.002801169728386 -30.74999118044649 -30.81255134126072 -31.742869574686036 -31.345175470946945 -32.212070055263354 -32.60013391373961 -33.34612965212513 -33.741395965228484 -34.53859119858311 -34.529911682971324 -1.5259991306012404 -1.0484094401454183 -1.2225217432807591 -1.9638545924261037 -2.559047314199459 -3.3768716412165265 -4.2927630852452 -4.752134815212936 -6.419704715398768 -5.724082799328494 -5.724189919100265 -5.734065847345104 -6.052097248679814 -6.541856598343508 -6.739530335088173 -7.456737461785144 -8.205334400159574 -8.806148237407445 -10.083014021228513 -10.3896903630609 -10.772571013487362 -11.38498525183503 -12.196262835047209 -13.325676789317297 -14.492583388392276 -14.432477943415558 -15.551011283050299 -15.548454425957244 -16.73574652590468 -16.44387752098536
-26.3046786997802 -26.889797866384264 -27.909799810205833 -28.667450107170104 -28.979516383001368 -29.77349504686681 -30.355827431231027 -30.803553541621078 -31.148932588139633 -31.47448571369263 -31.749306471382628 -32.46260689846026 -33.360103168084876 -33.8580538648397 -34.18591839560057 -0.1229559863335905 -0.8229437671877674 -1.749431539481287 -2.1847286908541035 -3.324330299472935 -3.8692936501902104 -4.617958351014267 -4.441486040617196 -5.096313210605106 -5.4999702725569835 -6.194699697065191 -6.094291526701603 -6.566101356621803 -7.318119256025571 -7.661062297894874 -8.003706692650107 -8.988235022869855 -9.695094108237214 -10.284348789508499 -10.466533257990287 -11.157698576838058 -11.571768518786087 -12.498377128453331 -12.835914279046234 -14.342945919655525 -14.495756599213813 -15.923742763636621
-25.01071369284883 -25.324264043328178 -25.516430087954653 -25.685404173946786 -25.9439025820317 -26.381582482975407 -27.33104642110549 -28.09608582858851 -28.618209677384108 -28.72048422517476 -29.314819824941406 -29.604063773738318 -30.086796417358045 -30.784384939413005 -31.263177622903303 -32.09985974908495 -33.10449154806768 -33.831504924414055 -0.5451826068780268 -0.7724113517810293 -1.6359217396899846 -2.494383662486968 -3.855078095518097 -3.881488959154258 -4.426807077585484 -4.5535615369304105 -5.549772684204699 -5.653791378259875 -6.15668074014867 -6.629183000047368 -8.677914891312389 -8.141465665352547 -8.847554352420694 -9.096408895484704 -10.123806222945904 -9.86637841889796 -10.357974861997397 -10.738375478896987 -11.763515386153582 -11.784640932500858 -12.171607283836114 -13.266563604260561
-22.890783268214253 -23.105373373671565 -23.607076534509766 -24.090732016866166 -24.913269558630606 -25.113910800382943 -25.45001677223455 -25.269271764821276 -26.114573350178574 -26.047226664571816 -27.11583425399391 -27.142174877327914 -28.25627604283263 -27.970072702591533 -28.905544916537092 -29.002752969670098 -29.73935011739921 -30.336373678879053 -31.181855922037943 -31.978731576048926 -33.36371817969109 -0.8287804376985788 -1.3202844155424727 -2.2124729857543026 -2.2041979596088566 -2.841405215938214 -3.652691558083938 -5.226572729021243 -5.039864091617528 -5.5271833513446476 -6.360486977471054 -7.347729681543945 -7.354640393187839 -8.543959958869959 -9.00507750401319 -10.264249180033142 -10.178872184450348 -11.56432852973766 -10.971361723312562 -11.857356862193662 -11.553200146237334 -11.786730416951766
-21.69433230640105 -22.033588755992696 -22.276488889750702 -22.65252965326294 -23.06620753090398 -23.320195939818547 -23.666865205337487 -24.077431086624543 -24.559161679656658 -24.976729204169086 -25.238613556290712 -26.039920537502763 -25.76421438724843 -26.68782704631848 -26.751959849015137 -27.711706900611407 -27.422827498102983 -28.489204526582984 -27.922602993627496 -29.02567528420156 -29.11018322103087 -30.70403821919948 -30.827943153134505 -32.56253823189966 -1.9254340149560119 -1.9467175695241439 -2.3846024894161006 -2.7930273951101103 -3.232228324172282 -3.633436855662192 -4.212345606629668 -4.912991921026153 -6.8699408493027105 -6.733932594723767 -7.417314595047387 -8.339042584900485 -10.366219406006 -9.6916292552296 -10.832399002833501 -11.506325718141799 -14.3532510616233 -12.39387843999201
-20.01856202072929 -20.225886806665574 -20.91236957232507 -21.329316672493757 -21.878056830508942 -22.13262833830377 -22.573918422655517 -22.455346196625985 -23.009975286274898 -22.931835966495385 -23.698764281341603 -23.991625614243944 -24.53811911715766 -24.607511332154047 -25.594416683181574 -25.185357835782256 -25.848178032880444 -25.900371014869314 -27.39644802773335 -27.44337526147205 -28.532361220601544 -28.144955925614042 -28.78312638707276 -29.01052407228593 -30.28964581806231 -30.570573143706323 -31.98223280983684 -0.9434318110707711 -1.4613076661426851 -2.262423982672492 -2.6597069836013683 -3.869434025181956 -4.535519166290254 -5.4650388763982845 -5.6106030842143735 -6.240196387295073 -7.014226054945928 -8.755161718159266 -8.890769390833224 -10.190979682827145 -9.690375392438245 -11.574146343546028
-18.209088351267557 -18.92972233185859 -19.412822491432852 -19.49018981951128 -19.899181537107935 -20.472033995095817 -21.184452347631687 -21.444014678264043 -21.77171859291024 -22.0885181295216 -22.534260862490697 -22.918844264079247 -22.95478455106579 -23.507511087828853 -23.067946168099343 -23.846965943798583 -23.399794189457367 -24.411033581801522 -24.19440153846941 -25.34880796713574 -25.727644022343195 -26.904600506536564 -26.79815062632241 -27.556392175100502 -27.48768661306172 -28.29490014849451 -28.693157173787522 -30.14365727878715 -30.623108921766626 -32.5072658243236 -0.861756633653689 -1.8195534399271647 -2.5210363614915865 -3.180278655273617 -5.241459533133091 -4.888035756413224 -5.747866399901082 -6.269272221938854 -7.936951239101614 -7.020422499962621 -8.246497295332365 -8.78247187028871
-17.828357520338294 -18.08949160888144 -18.089397516459858 -18.82049841205606 -19.078336566160388 -19.61701936281127 -19.90321571239199 -19.997447908127782 -20.499259524711412 -20.65913826999752 -20.78086261590069 -21.325433361516595 -22.04711862192744 -22.786131387025957 -23.20455137242703 -22.68251212419587 -23.002739731294277 -22.55746883562298 -23.397380679090155 -22.822709023970205 -23.822234436197217 -23.806727996205527 -25.25698221518955 -25.380904797105487 -26.555544450647762 -26.140134036475672 -27.65334728028207 -27.333258513110195 -28.469003142312587 -28.688195650632625 -30.1308700185637 -31.15430684776866 -32.84000259541404 -1.0482568265425243 -1.9097529704103144 -3.9187728026187414 -3.9301813147322817 -4.484841069189937 -5.5150982329727185 -7.477519301815842 -6.755268252096453 -7.5618614693930315
-17.01587689752376 -17.503557884452867 -18.383797776761618 -18.695833347429016 -19.057942723093316 -18.701478801078242 -19.34438419486625 -19.463153794426518 -19.70854032811834 -19.723436510948257 -19.406135801925696 -19.479913613372613 -19.38775279597823 -20.463283823515464 -21.172112481474485 -21.96183813444811 -22.22559330386867 -23.14768459581658 -23.00303575369527 -23.406021020337317 -23.123010312217847 -24.050450096895588 -23.3271394236973 -24.36964028678097 -23.479023071256904 -24.514342199228064 -23.618841775862485 -25.304695211429028 -25.30342098091788 -26.999536089774242 -26.96247392238425 -28.658485991672848 -28.777702781102874 -30.576920295417175 -30.690131760708205 -32.77458200096016 -4.523061599375821 -3.2469580332910013 -4.402025870244886 -4.46392620774413 -6.634281453395065 -5.717187393024078
-15.946380142445168 -16.750922826673893 -16.356667236114845 -17.759902231138256 -17.538416262547507 -18.60820891435083 -18.76080156016464 -19.162531504757553 -18.926539773572905 -18.777613516038834 -18.73975159014163 -19.028909404309317 -19.00453577307877 -18.508377064427602 -19.10344848405251 -18.957416960638323 -19.955783903052044 -19.784767413953762 -21.18812705049764 -21.026924629629203 -22.513266963084295 -22.07672016293087 -23.184736700677334 -23.12917432265571 -24.121821939978283 -23.340427098969435 -24.341362916240634 -23.677848718441865 -24.734247325826463 -23.91597431445721 -25.013227395121366 -24.92312799319977 -26.75630044284012 -26.740222949285386 -28.273378457411262 -28.74325983654022 -30.083540409899854 -30.373613583772425 -32.28935775247432 -2.6125510877802025 -3.529562278142931 -6.073687446849766
-15.397038998966561 -15.012120862638685 -16.123076331478323 -15.754933279629254 -16.306380450441793 -16.215418648147935 -17.213480883667458 -17.34572078709265 -18.122779124200928 -17.934056826774412 -18.346848393284404 -17.98807861848839 -18.374304483676426 -18.474953865943334 -18.155028248849845 -18.198768579026492 -18.30582239238278 -18.891376806509594 -18.078587929153784 -19.451405003085828 -19.264214790378176 -20.541711805604407 -20.51552024616546 -21.806942316027968 -21.577385427253287 -22.63647213965681 -22.50430252220429 -23.510224327269608 -23.22724252722876 -24.192889557725298 -24.044871039621313 -25.08619496237938 -24.888955460470907 -26.479243610624714 -26.024293022769577 -27.00372899462904 -26.361503250050625 -28.243782951479936 -27.946955086849325 -29.693089783441227 -30.0240154918446 -32.32875245454315
-13.195771560361035 -14.22332917990979 -14.113313075319667 -15.259533620935713 -15.132500908700624 -15.676280067086502 -15.48806606019372 -16.656518937546657 -16.544310323331235 -17.1296520746952 -16.903426873729163 -17.42395529839494 -17.279462183678675 -17.8495425920565 -18.337660595729307 -18.67713696736703 -18.510426391266513 -18.441539748335593 -18.860570889687967 -18.384580335605467 -18.88227554953157 -18.231682964162268 -19.539304831979088 -19.281858928423723 -20.486574789967438 -19.9881096190543 -20.93955729071908 -21.11109196188177 -22.58319418881531 -22.376362286840177 -23.247948700234165 -23.286247051670927 -24.407137321422205 -23.829582755123653 -25.386234420935217 -25.058076108821204 -25.732084147495836 -25.230186393187914 -26.94855668603302 -26.09624517874488 -27.470283166359934 -27.537863770180152
-14.305924562903769 -13.59459815051419 -14.53373947234628 -13.54914902487602 -14.802780758098297 -14.023361217420677 -15.123794605016613 -14.993843172200952 -15.633087473245748 -15.127029947690705 -16.221900340843888 -16.1259469619175 -16.90781473332355 -17.3680782688526 -18.256367883798223 -18.269237162713885 -18.70589106322785 -18.53829864147322 -18.71323586088929 -18.8095027244127 -18.709786321397445 -18.9651645856792 -18.35592566510455 -18.807254437482733 -18.666633085258415 -19.728949264439194 -19.177605456163658 -20.222414676565446 -19.986484309583815 -20.845687886625377 -20.42942548824997 -21.756848162827772 -21.754535145342953 -23.07497714578755 -23.250857506811222 -24.486402536412715 -23.857083849542178 -24.750881262974698 -23.80491974121385 -25.046582428618798 -24.512371934700905 -26.471005337791365
-11.280828959547026 -13.003165560385915 -12.356062840721442 -13.752155358489134 -12.775529380763011 -13.466924442638739 -13.209121489280804 -13.831697207066302 -13.2287874682685 -14.532793245603225 -14.428953454180942 -14.986847816034242 -15.26436418219471 -15.787947470797619 -15.669992470366628 -16.779555796816933 -17.29828376478541 -18.260006536278592 -18.404269157811715 -19.031099265391774 -18.935217037646915 -18.826625260758558 -19.048726984518577 -18.893378311392052 -19.501257360369493 -18.78836238662914 -19.553340092444156 -19.346816946366943 -20.302131170484916 -20.16685263684656 -20.53036285736072 -20.407236851364555 -21.29130742122995 -20.635369304610446 -21.922564735532205 -21.732818044660284 -23.60923696523798 -23.38633939555208 -24.71628993009216 -23.729134303512357 -24.922244142430316 -24.238438562143983
-9.982975455490386 -9.969829902752416 -11.159648079164002 -10.676045987391234 -11.409126142632612 -10.753541692198862 -11.865512175824195 -11.834986335072072 -12.524830616957317 -12.56496961544289 -13.726141626466415 -13.090648301648985 -14.195201650612976 -14.61396477544736 -15.535011984202304 -15.332840487360242 -16.468720388300007 -16.470463040206642 -17.01215765539092 -17.20168077202115 -17.878484211076938 -17.536710477323304 -17.94942042431558 -18.26360860120588 -18.315849817286058 -18.24969989440511 -18.469500231319564 -19.003011301995727 -19.4867439580086 -19.959551235208078 -20.190460484691336 -20.921697944762144 -20.62847096737322 -21.187765691681545 -21.705566860053324 -22.53965582678556 -22.14202880973218 -22.79986662001742 -22.629780184043724 -23.49222006250733 -23.63907960124087 -24.86712574997278
