benchmarks/benchmark_1/art_dem.ascii
ncols         127
nrows         127
xllcorner     0.0
yllcorner     0.0
cellsize      {cellsize}
NODATA_value  -9999
[rows 0 to 18 of 33, columns 84 to 125 of 127]
-10.417910586691805 -10.366046412660667 -11.07772973655559 -11.45550178604607 -11.923401865060516 -12.943852544037878 -13.674422342582503 -14.628196325659882 -15.940644621156993 -16.283894115001768 -18.42156674572678 -18.770529226967785 -21.367253071750326 -21.79888215558456 -23.16413348502342 -21.85295903367951 -22.766777030488267 -21.87399098253322 -23.070929729789786 -22.615444327557825 -23.43131428960815 -23.499087862893177 -24.489137111892752 -24.0201162604476 -24.04129233650987 -24.559068858042316 -25.624516509076702 -26.257649188038844 -28.34986588539048 -28.25872368936531 -29.765454320913857 -28.7523202873073 -29.443925434154878 -29.108797164912044 -30.483439330593644 -29.893596306571244 -31.321977406714186 -30.97804592702878 -32.175167905821745 -31.584059143768783 -32.07015299253275 -32.03869896270323
-8.221763272322109 -8.815079493634446 -9.70282384351424 -10.380106404264986 -11.144454520880426 -11.745806042260295 -11.888174310924605 -12.559705430812002 -12.514912729128614 -13.688730226209778 -14.595532797974101 -16.03690671617252 -16.183057967472184 -18.093663217097887 -18.285239918570262 -20.22073444781677 -20.249348396709998 -21.178887666095722 -20.641960924787643 -22.230348858999353 -21.436334390339717 -22.410804196914572 -21.85007829792849 -22.441805362556824 -22.79038613996545 -23.865197292873958 -24.06672255610628 -24.31528531832263 -24.523376347046987 -25.29817363662387 -25.42684147923998 -27.015489182162284 -27.537818200627445 -28.561317858800468 -28.312250588490866 -29.512881458069273 -29.130511441271224 -30.14403248027483 -30.377020276122533 -31.07265758527494 -31.069530277886045 -31.791963811445378
-6.227337948442633 -6.991859550290972 -7.692111212654643 -8.116937749409285 -9.103823712083853 -9.912002566600924 -10.415126728941408 -10.960231533590783 -11.786876047980689 -12.201514650901869 -12.38411001662215 -13.205464291628667 -14.489776082577874 -14.710088898544793 -16.192308420979185 -16.34873973952979 -17.830988355073593 -17.73928505065834 -19.282559903080852 -18.975020551108152 -20.35796732372725 -19.895428395673072 -21.19731109891037 -20.913852729944335 -21.441139434143068 -21.390478216915216 -21.94209086055216 -22.150521901025968 -23.184134661660625 -23.30914549476095 -24.091014788696327 -24.41859527955639 -24.764648760359005 -25.420881959789018 -26.504919809770943 -26.968109741043396 -27.43537994423117 -28.11124530640483 -28.868373846395034 -28.7947274097576 -29.697552779137585 -29.611683125893013
-5.390530688657654 -5.9229242137256675 -5.964590439468314 -6.5606314006903705 -6.920568232987861 -7.279802352158287 -8.010875768418135 -9.14334421689313 -9.523778307739686 -10.066350011798669 -10.828580065593505 -11.565482663841859 -12.251853433439454 -13.008216717753491 -13.872088001007915 -14.90784463298899 -15.385422651093391 -16.157121170006597 -16.192424733284028 -17.209362147027978 -17.633429360737168 -18.382966138423132 -18.589515977493626 -19.872035437062237 -19.821563827945344 -20.444555217123447 -20.327015842242847 -21.051913176138022 -21.044500014365898 -21.882085011245344 -22.37488339409625 -22.870985816974212 -23.060894963716525 -24.13738618434722 -23.853234486747397 -24.91323257464399 -24.788043386796215 -25.762573102912615 -25.88706654071298 -26.331238954973905 -26.94727632615279 -28.025972122601036
-5.336780248976873 -5.090407448736742 -6.05877880259053 -6.128987115619308 -6.241882760684794 -6.572412675514128 -6.823748402530868 -7.418493968875711 -7.963016890148356 -8.248233378182292 -9.167274168399619 -10.049517909864552 -10.640341655666983 -10.846108108777894 -11.55070874044382 -12.114698190990474 -13.570378376569888 -13.828105928462515 -15.323081765614393 -15.421029762647105 -15.900481484615032 -15.878697355410914 -16.60209887267675 -16.97759522006541 -18.090121635455095 -17.8632742133757 -18.903008594633008 -18.869266000445784 -19.884784782771547 -20.048888029262756 -20.742021155849237 -20.667445771437688 -21.249707691175082 -21.87181716340451 -22.505232511206394 -22.890908402428817 -23.493414107669054 -23.750490778622176 -24.22142690114265 -24.860373571157993 -25.287759757675374 -25.592643298065042
-3.5090947748202588 -4.195060801619098 -4.239205745471476 -4.914645965764376 -5.062023231045824 -5.613882636849895 -6.153158830025968 -6.619821917706467 -6.9678898418302975 -8.095651135426007 -8.030467534181772 -8.650933936621586 -9.38173826007108 -10.146932151923394 -10.155610438255524 -10.777763941396758 -11.271296281630548 -11.597325616539845 -11.935418431618151 -13.401413413280114 -13.867167918173534 -15.148610704511672 -15.024263442073305 -15.825088318174334 -15.886021104337672 -16.692884633655417 -16.934080722405167 -17.621138246547805 -18.113582907186565 -18.815254052234618 -18.67210731465436 -19.42991017219898 -19.4209014500139 -20.514927708219396 -20.450583367608658 -20.851510251773153 -21.080634742365966 -22.097564673395006 -22.26488982205743 -23.23226603504612 -23.61828671013992 -23.871405433725517
-1.5264518749514382 -1.7122134102001951 -2.6316374741010113 -3.2418809953619334 -3.839319433244387 -4.432433938301075 -5.086932687675672 -5.341317855089771 -6.379673864281704 -6.577658367199806 -7.388511121256047 -7.683825678661508 -9.138771574741723 -9.238421602106705 -10.398274696752948 -10.212731949490317 -11.054026182557639 -10.98852536440856 -11.452073465728883 -11.35831669670327 -12.133259679973403 -12.547415743231552 -13.686507370027032 -13.94655316274536 -14.4369594058874 -14.714963492314748 -15.493263621003932 -15.749462159876423 -15.9360672320688 -16.519416287339872 -17.04015539510631 -17.591319306121743 -18.52651602314142 -18.403559848035922 -19.388553342491562 -19.826532042939977 -20.29882700731842 -20.217599270662788 -21.15741911119935 -21.236765226104193 -21.88049858240828 -22.26153630074093
-31.763386966801995 -32.68834344760023 -0.9316551896856959 -1.6916006207686212 -2.0347287562532173 -2.5857335667295707 -3.146957620354728 -3.6889556499196594 -4.492844007189932 -5.667323014114797 -6.024105287946215 -6.504988854865978 -7.065792824237153 -8.61166131655317 -8.894886424430059 -10.106508812442522 -10.187493856427363 -11.726640395318842 -11.69934864749729 -12.517908811369587 -11.708438439524102 -12.474335382628226 -11.918293876565045 -12.876435359623724 -12.987324925361248 -13.71895484466335 -13.685767590878497 -14.595024750882065 -14.692980458294857 -14.905903053703492 -15.409279322532571 -15.682803012676244 -16.092509395799127 -16.380048316477627 -16.729837307978908 -17.72752500141949 -17.940189283938555 -18.81454106502801 -19.135348661456074 -19.418971380712318 -20.22496102049855 -20.97000736767406
-27.884090761148332 -29.471954796724287 -30.164747004883377 -30.955822336726047 -30.40375420302005 -0.7795708110386537 -2.1533690095970934 -2.119811059676694 -2.949889337999526 -3.0064238271073185 -4.149073992930524 -4.513735539618922 -5.8200442594815485 -6.031778153969921 -7.308324150898722 -7.51632645401238 -8.936612841638937 -9.360328919244347 -10.715293419535692 -10.605809029654463 -12.042970739463295 -12.19998526980801 -13.363857550396375 -12.52394854532095 -13.14108648410582 -12.663640859915374 -13.932947168142402 -13.318757515402002 -14.357638413299988 -14.270626267144797 -14.706359390910386 -14.618715495354778 -15.195285307495213 -15.54171167275728 -15.772022210907872 -15.941778287925304 -16.551518062427007 -16.736263923114965 -17.418351829044617 -18.11503330796947 -18.164096692281365 -18.74970714741427
-27.548645772543452 -27.215902977823504 -28.408609067157542 -28.074620149072025 -29.251926935413497 -29.353552079484828 -31.00903221529431 -31.651627580397808 -0.5331763100081812 -1.922305898855373 -2.045762888921937 -3.5524668420829073 -3.811973556614248 -5.295088650044618 -5.089670882033617 -6.418753657725995 -6.252011689711665 -7.5634678886417595 -7.979241834012543 -9.77048897258743 -9.6551561037194 -10.683095821719427 -10.305577497809391 -11.484612596541158 -11.217423842139812 -12.880002315900988 -12.705566719826045 -13.7191384797405 -13.467138353207126 -14.334274032221021 -13.895952137172337 -14.084564053412322 -13.8285139887397 -14.568599517333293 -14.93703038735918 -15.778559617836919 -16.20880190420981 -17.012457068059778 -16.570444262274894 -17.439374875284344 -16.977615704540867 -17.731592530550788
-24.93698041306019 -26.510987003120846 -26.47209126233024 -27.117533505139225 -27.46087733539387 -28.200429056234803 -26.93134951637833 -29.331460743164797 -29.90788505142058 -31.393683541366038 -32.508879708339926 -0.8942546650977266 -1.9249846545376865 -2.3429568649443664 -3.818350262483303 -4.602856657392513 -6.046689046349688 -6.047086805332859 -7.0920366668641694 -6.790473293861117 -8.055228227841308 -8.231123838449122 -9.357429647251575 -8.847781779610372 -10.31794219067169 -9.755955798839135 -11.012113001029688 -11.184938634155024 -12.353969881946723 -12.350202896525383 -14.153393985611423 -13.749689456080102 -14.846247531251814 -14.261566325253156 -15.08212105667215 -14.380197314921727 -15.300310806931538 -14.90277360336024 -15.819889106658243 -15.907509632558234 -17.36784225410983 -16.95222015236114
-23.839460467369868 -23.820320702904297 -24.497863339851385 -23.897520758347163 -25.652773236092425 -25.402965148123055 -26.465238062254052 -25.906141544823114 -28.01144768193019 -28.235078563193326 -29.36256459483047 -29.629625615673795 -31.429982367360974 -32.47747291608073 -1.6804976840599082 -3.335438069153053 -3.6627009880159505 -4.8659139953675865 -4.807631037829153 -5.915690059900836 -6.143074286106771 -7.203752053657931 -6.854690090105482 -8.267989380949722 -7.81598275534255 -8.639381263162363 -8.173961416112302 -9.529067974883 -9.21471686354894 -10.727549141458644 -10.52864680020761 -11.9006887214078 -11.839205356122164 -13.478034370356006 -13.897102002498702 -15.053372666804362 -14.477863652710937 -15.718481897355577 -15.179410616323917 -16.38050389259184 -15.686632092143347 -16.647936054766284
-22.585266698135037 -23.53252746337109 -23.776776324913218 -23.940255963340284 -23.281154699824867 -24.54071449194923 -23.7974485689522 -24.374286079559553 -22.508309159324348 -25.56659491159695 -26.172739721948027 -27.346325372504495 -27.221715920452773 -29.11760667539111 -30.42359577868799 -31.057958404582397 -30.728388880259093 -2.2816757403545047 -4.54121758329749 -4.559910838296755 -6.084233567243594 -5.483227289143112 -7.108327607479397 -6.502338034357703 -7.699715740195746 -7.24862567386454 -8.279345231940233 -7.61292349943226 -8.67577401014746 -8.779690927007385 -9.95687908771055 -9.739622912260707 -10.623450974899624 -10.923473153576072 -12.253329279110858 -12.380668274973896 -13.714008517820497 -13.04338913280504 -14.110665813316876 -14.266518817487622 -15.302578007868988 -15.462469560290614
-21.00703460351773 -21.309373480361522 -22.69204872502518 -22.78535724598256 -23.09250454124333 -22.79427937171676 -24.303785717749697 -24.18073708102376 -24.688792099098084 -24.152999235907032 -25.36040423421493 -25.669387744560364 -26.438358145937453 -25.677540732617654 -27.697045083928735 -28.039513875473595 -29.3040658049678 -29.286262881161193 -30.51474668617329 -31.136614824342956 -1.716460731357603 -4.60026686804627 -5.099856842958454 -6.865461064015937 -6.306484104397106 -8.179238496160718 -7.230945574118524 -8.323344960447413 -7.857283226111967 -9.381299612321264 -8.728076794349438 -10.320662640466029 -10.142599055299023 -11.043191491306006 -10.319218458382561 -11.564780702278899 -10.989137137973554 -12.603674240593463 -12.734248312254463 -13.937488564439303 -13.52508859867035 -13.95416595322175
-18.925916085066007 -19.46229885785872 -18.654069965796005 -20.51456740993568 -21.24010789305706 -21.956045898816768 -22.09745373436042 -23.18829347927566 -22.866125572840243 -23.95262883508941 -22.911626656949778 -24.523785304703146 -25.33503025072052 -25.678558256561363 -25.547731733332473 -26.827469364814142 -26.367596538036956 -27.172007228788836 -26.053454186433804 -28.174262331220937 -28.92913679559274 -30.564581765019735 -30.66256690015797 -2.1113312006558873 -5.258587183903161 -5.616649346173201 -7.3207261192092155 -6.527494981688305 -8.28297985611265 -7.508548863403274 -9.167756286257704 -8.347901969726106 -9.768745637807193 -9.373978270173382 -11.060589763476578 -10.189310794612847 -11.427619437987362 -10.562866541355977 -12.009849226184317 -12.03190056988992 -13.49354006548744 -13.072449725196364
-18.502087971524315 -18.300113923864863 -18.797678695807917 -18.772975911638508 -19.96741591306181 -20.308474429654577 -20.44445934611191 -19.719081104273826 -21.749744552712137 -21.993629907542825 -23.00806019032087 -22.514588580932447 -24.08839406231359 -24.35181794598644 -24.937887328326767 -23.5317528896596 -25.40269902768307 -24.694071265119497 -25.58304449655099 -25.23295511899056 -27.232554989637134 -27.590324682849445 -28.38007032695 -27.399411048698543 -29.38643103991677 -30.28795218691849 -4.136162626887802 -6.992246470204187 -5.730425183572743 -7.230661487315265 -6.14817408290633 -7.396708304998103 -7.472860990162115 -9.432894440594133 -8.639407552245276 -10.107592688956409 -9.233770336590332 -10.624936793636714 -9.90944158143139 -10.916656037123907 -10.825731316561464 -12.92568844355533
-19.035780593741375 -18.728842529244982 -19.191748245107632 -19.11479970883194 -18.211424827587717 -19.516742242066563 -19.377321755551304 -20.133727192643676 -19.482283553492753 -20.701905331561903 -20.601495840209036 -21.34148010967984 -19.47395936277459 -22.505485247785362 -22.659436274911293 -23.89981896513048 -24.03865538640708 -24.756298388418184 -24.494190448907396 -25.06198615320477 -22.548102689869943 -25.61975494161675 -26.137565183296452 -27.12386318485042 -26.764626555038546 -27.88305699798 -27.51783094538905 -28.264914607865926 -26.38045718523743 -3.6304698864776785 -6.511955970715258 -5.731611890517218 -6.801137284394324 -6.267679307130217 -7.512519942677221 -6.961234948805645 -8.860604204151807 -8.096059114809874 -9.430835578838611 -8.919835085443735 -10.02416455161772 -9.705314283861608
-18.333843667501007 -18.828063666123146 -18.516668256360134 -19.107716224190067 -18.875188851328016 -19.347935542172788 -19.30161143732342 -19.599457492485183 -19.802587185507694 -19.817357692848468 -20.91317404461762 -20.75114466011822 -21.57671999127559 -21.074677630127287 -22.157631485855468 -22.154185961585902 -23.20101430941144 -22.764943944629124 -23.826790643901838 -24.08317960268387 -24.955046386705003 -23.50494575939402 -25.663445851972508 -25.68301456911714 -26.540836730526927 -25.561906127665406 -27.611369217386326 -27.475378573056577 -28.05683416294648 -27.454318455352144 -29.2108637783002 -29.950767604662737 -1.9775597645375746 -4.884196004599565 -5.418431815653614 -6.986957997418825 -6.6665793212669735 -7.62733006901057 -7.053405610199246 -8.101315166039893 -7.510435864131443 -8.792505009126442
-16.954394773392117 -17.102910224239494 -17.810003241285568 -17.899924587151087 -17.571473299334258 -17.695577750286976 -17.69269121171481 -18.381493599791916 -18.71176861579463 -19.26886949878732 -20.19888068448322 -20.771955478619297 -20.910841760599876 -21.41141662432511 -21.096952018042717 -22.242821591366603 -22.7061817767721 -22.84012251653005 -22.977503462206307 -23.591294004744537 -23.690840472995163 -24.158532565497662 -23.780372313703158 -25.2882822773063 -24.758516093025992 -25.878685362877132 -25.99716810618067 -27.00328819943131 -27.31756792900214 -27.228406734335973 -26.18848357860589 -28.153880886662062 -28.65714456971372 -30.09598464801639 -30.262380728656694 -1.6681044996570316 -4.314858266086438 -4.676047625022077 -6.479501666921866 -6.011406150467578 -7.255437741503139 -6.606286257543077
