benchmarks/benchmark_1/art_dem.ascii
ncols         127
nrows         127
xllcorner     0.0
yllcorner     0.0
cellsize      {cellsize}
NODATA_value  -9999
[rows 0 to 18 of 33, columns 42 to 83 of 127]
-23.366649175651506 -23.34400595223662 -24.65809216783412 -25.020705621395514 -26.510447449241312 -26.871756285712067 -31.076015953913014 -28.30504415569806 -28.682552958674165 -28.50247481985171 -30.37854360101579 -29.077807199146147 -29.49698421547154 -30.167868268925762 -32.420897993611135 -31.333421678095082 -31.49898074843431 -31.538567040098208 -32.53789660013619 -32.177726237328876 -33.200200833178684 -32.947194149132685 -33.04504372737505 0.4112969308754497 -0.26400151251106163 -0.6880268092726961 -1.214355507164825 -1.3287083422803774 -1.6211083474366084 -2.3100213899659576 -2.2883261421850456 -3.185829249214831 -3.7329695645902907 -4.316223356699808 -4.8826832504332325 -5.712536769388062 -6.255374871714685 -6.938478661421785 -7.617393861720263 -8.324772952151802 -9.209281105738803 -9.918219403280247
-22.589875089238152 -23.016907411944437 -23.26805127371332 -24.999798843985563 -24.107619419477743 -24.36686162886694 -25.253857312188217 -26.729055071406407 -26.959552795297682 -28.48550279156926 -28.336713039562333 -29.999095830622267 -28.836667720470096 -29.525684934672444 -30.0309938520411 -31.339557918534407 -30.65980527120531 -31.2354117486954 -31.416990010635825 -32.476034137583504 -32.275682864390426 -32.464811620258104 -32.36168980499976 -32.93976650380935 -32.838197302605565 -33.24125707034216 -0.10341521408107124 -0.9552971372871729 -1.0235971810226059 -1.7913958719100638 -1.8099192240162885 -2.333969784571985 -2.7287771001190486 -3.2201659593242478 -3.694682378678353 -3.586041241739751 -4.16825255786439 -4.586133745684746 -5.831222311025622 -6.647381759890686 -7.107218619459692 -7.776880958610684
-22.616424620918817 -21.502130149488394 -21.73116995119964 -21.845863519366457 -22.63110572359248 -23.232234152402118 -23.77962335460853 -23.858768966519833 -25.322854273452812 -25.120314761524483 -25.346613837653905 -26.265883451948646 -28.034456177052466 -27.95396047741982 -28.874356339228036 -28.938661893222346 -29.615243313673822 -29.59696978588127 -29.79793350123976 -30.186781893141852 -31.109076363219966 -31.56538234923714 -32.15250443876139 -32.08620663226036 -31.94037641309179 -32.018579360899246 -32.47364204194996 -33.417495062653536 -34.012567104818814 -0.564235673396489 -1.2873414394027363 -1.6790282266679006 -1.9549757786404243 -2.340387338843911 -3.4797217872851336 -3.848720635142511 -4.094592782988312 -4.339558665914238 -4.098334066916904 -5.0116881624874825 -5.35931446735508 -6.061127645173191
-19.46869258946523 -20.630849627875083 -20.193131016471757 -20.52287064108096 -20.669594527819466 -21.676428903910473 -21.77424383955689 -22.28078408015268 -23.01692039035353 -24.127689100350263 -23.926041229010476 -23.99723890441451 -24.7703683234658 -25.426148200788145 -25.72222588502644 -26.245088167283377 -26.651331488500738 -27.766117993467113 -28.384010992230706 -29.336483760963034 -29.582703914868524 -30.653274238098497 -30.589870132463798 -31.43302544976088 -31.137678606023783 -31.795413033587778 -31.77616151161654 -32.319816410220646 -32.87250118336414 -33.74197404695286 -33.91971255743796 -34.402588946471816 -0.7615991781137539 -1.3734884510565748 -1.4471421412973897 -1.757336638787531 -2.305483013287779 -3.4710750356408346 -3.7366846439081023 -4.722293464983307 -5.280163577011766 -5.486286637487606
-17.625210405570318 -18.004264204672523 -18.570022963200646 -18.62352399968661 -19.973196057819603 -20.022008565898837 -20.949178978376118 -20.534994386887103 -20.688715975336923 -21.14829144198542 -22.978027131774436 -22.921972206475314 -23.34645626830814 -23.841087866847435 -24.532957268739082 -24.397299191095474 -25.141725709261873 -25.38827667068042 -25.2757637975659 -25.954975557537036 -27.190004869631558 -27.49820962776447 -28.828417758038647 -28.686457928600802 -29.955353480277225 -30.151863279254613 -31.309476093280676 -30.915972276144746 -31.336090659287294 -31.87076220047436 -32.25189891610426 -33.00844997258661 -33.868065924230365 -34.03637560003962 -35.326209832444846 -0.2337083778627027 -1.391415339013715 -1.5027783135140982 -2.2243018432474324 -2.530939749678715 -3.7429663805140776 -4.12137957347528
-15.353110887798236 -16.099994183370434 -16.407123935874004 -17.066858693154025 -17.20947310170417 -18.385545845241502 -18.656766143825067 -19.17856410385671 -19.322556681542498 -19.84547099763107 -20.173433233707776 -21.13570198077939 -21.084037052784105 -21.210419905408457 -21.858436710670304 -23.120399293941862 -23.342287851513174 -23.95570548650339 -24.24440957390034 -24.353993098180005 -25.23055342425194 -25.806363349015708 -25.992191493522554 -25.715950408135903 -26.413031707996364 -26.78594542119707 -27.545747235765845 -28.733275160760048 -29.112028640384413 -29.356188939018402 -30.115926355924632 -30.378709972923193 -30.561200292134146 -30.81879005740013 -31.91308619628942 -33.03009166785392 -33.25682467042219 -34.26604119833817 -0.4721888289000922 -1.211151686084186 -1.6536469775665794 -2.749967094922299
-14.590597138516975 -14.1451787331617 -14.72985147232032 -15.027651341579114 -16.57481784493148 -15.930433366584426 -16.519638798105635 -17.125516710932366 -18.683090298751956 -18.635653982647046 -18.676676863693228 -19.298765226352018 -20.069576675481485 -19.978651270230323 -21.0570366426194 -20.94051099802951 -20.965853817015518 -22.015624969724243 -22.489726108506765 -22.98236200944818 -22.995655189643205 -23.26041320875343 -23.537273626031013 -24.742163839160277 -25.50852054095177 -25.233999223075884 -25.793133794036507 -25.932070655064198 -25.505710248494093 -26.766288126359456 -27.401189942755785 -28.29684550928326 -28.036675880347083 -28.652807989921445 -29.21091843194639 -29.58003968911472 -30.025824679840774 -31.232495588023983 -31.345344951808368 -32.61037141410248 -33.5924191285445 -0.38662512981141184
-12.18434618113201 -13.059307462842526 -13.108297721444458 -14.151302766366141 -14.07616773811512 -15.152857939739112 -15.013155143311348 -15.362113721066647 -15.747603202831801 -16.21225212414918 -16.376514915115347 -17.582377738708885 -17.763382470803936 -18.14332278654622 -19.041970520358507 -19.693088748804453 -20.101348816770837 -20.30321748936055 -20.742503715492397 -21.59379690880593 -21.871537041686075 -22.105903942172922 -22.593415167391672 -22.82656883862794 -23.49997558887414 -23.563171931672894 -23.99778477438163 -24.109915715323936 -24.77542928617124 -24.74228414824231 -25.459531645166667 -26.15918047613909 -26.415736048371297 -26.056978728837485 -27.03642337574734 -27.43421493185175 -28.28981980152609 -27.569941107208376 -29.135040937202028 -28.774164345435853 -29.783350939702185 -29.986234395382347
-12.63750630460811 -12.608598038532513 -13.43327034514524 -12.811631686181398 -13.704250003481 -13.48174229798886 -14.837766392171929 -14.545237384500357 -14.553036544288183 -14.695913634144244 -14.981285141823312 -15.840377694280136 -16.339176101413035 -16.41329011478085 -16.27418781845918 -17.291610738799054 -17.97239077403473 -18.291359250183437 -18.952024518343183 -19.634259567592217 -19.879966906636557 -20.39376793529116 -21.38942189205937 -21.260366417776112 -22.016521365361534 -22.3086299759007 -22.24632650532653 -22.623923595721294 -22.84165106427583 -23.637581012539336 -23.700043453811894 -24.556234693412986 -24.463459760342964 -25.415466977945794 -25.578262497145143 -25.878909921654923 -25.877878784521055 -27.022528593872888 -26.640680703924012 -28.25579885186669 -28.454176496867706 -28.771397517601336
-11.198058089500623 -12.071875236710817 -12.283837116390952 -14.12264265325453 -12.594713307846174 -13.3607221099221 -13.327531976129142 -14.596995442309069 -14.025385142452377 -14.103260581649913 -14.107053080407338 -14.940182749820089 -15.294398043060381 -16.03125849723852 -15.958421991771592 -16.884192754939544 -16.553573125652612 -16.553631109533708 -17.26514852736357 -17.921176789655235 -18.10934178793778 -18.750880694524376 -19.41678238623999 -20.11632776330209 -20.307281084005755 -20.48976044908461 -21.33388420492527 -21.807566718322388 -21.997981534670316 -22.101677668739477 -22.843615462324205 -22.36063045924837 -23.607650731283904 -23.89341908405561 -24.179215049381625 -23.533763320007402 -24.50932208911733 -24.9637490289393 -25.18179191943106 -25.215512340941608 -26.279999013010066 -27.064416870899596
-11.257001975594374 -9.951459549676535 -10.675449940547681 -10.582633011305921 -12.327342758200412 -11.493011655471417 -12.405622915670726 -13.13978406427001 -15.553505105442387 -14.041578754353253 -13.902413396698515 -13.94644525710646 -14.206692420995353 -14.525458132057256 -15.292850188490796 -15.251614410637405 -16.763984676114546 -16.891363020037836 -17.420244744554058 -17.001940362621433 -17.859705299433866 -17.544501824287345 -17.67082375566993 -18.337897257314335 -18.769999026452755 -19.048991430717187 -19.45306239401531 -19.75624056239485 -20.541830437155134 -21.241945548800576 -21.06973031422732 -21.82700761071771 -22.277663777950433 -22.569922307739496 -23.226648264736742 -23.506182307610707 -22.713523588311034 -23.335582424424476 -23.09482784939756 -23.99474167468772 -22.658415189416004 -24.548069806823293
-7.650892634653428 -9.216694903597567 -8.463683814093468 -8.693567229971915 -9.389063542446653 -10.49803677348871 -10.206881681111103 -10.728018606696699 -11.20099494088385 -13.370484682212812 -13.264810261196326 -14.528673905828214 -14.416392302530243 -15.9216195972427 -15.03704440559509 -15.232720125235769 -15.231803049503227 -16.002757040976125 -15.975329535849642 -16.458286497768473 -16.65027801240232 -17.633931355515816 -17.578504044785333 -18.249182926072137 -18.011643895032584 -18.726184635767865 -18.715250895103374 -19.377707112582137 -19.598023112293287 -19.75989097210815 -20.003349116366767 -19.495130976844507 -20.012901712174905 -20.291261435059933 -21.704967176894986 -22.254932792356197 -22.59525111196843 -22.636198200141372 -22.999608967417497 -22.91024779921031 -23.170650110659828 -22.56260673915829
-6.274552850441223 -6.829633209490918 -7.972137421919994 -7.110780051430106 -7.437228810959632 -7.888245245512859 -8.6994963751917 -8.71047255714412 -9.309408883191487 -9.974218310340829 -11.51150440991487 -11.358775538422538 -12.223818676461654 -12.802879341011128 -14.749134277365613 -13.923325316824615 -14.36107577676248 -14.7113453859786 -17.39666985603233 -15.515781328567122 -15.735981280099178 -16.197352022398395 -17.41513474801846 -17.216446618706126 -17.799166462943926 -18.42648388793882 -19.72370237894335 -18.502964421210162 -18.870592433738512 -19.10085162097609 -19.718884063617608 -19.608129160269254 -19.753002165825297 -19.01930922881563 -18.26302832253028 -19.903623741542802 -20.205942836530852 -20.91330363855588 -20.774272185160058 -21.99878762348799 -22.86204394489713 -23.0390542171883
-5.129945197441089 -6.3899871547780425 -6.207214259886066 -8.110162579121425 -7.082451859990641 -8.107981017915547 -8.102330292452608 -9.266998565762773 -9.060250308229833 -9.88452585104493 -9.783372166400593 -11.384870743001668 -10.564404169629865 -11.077239477398901 -11.541629909153874 -13.795396733933185 -12.780639317573073 -13.395186086977429 -13.736324854692416 -15.145967142090623 -14.580573591078949 -15.154935446039543 -15.612733288420838 -16.74893140910023 -15.765055707029035 -16.357489687011366 -16.695242321290596 -18.27063598059209 -17.727153310205185 -18.51025767481101 -18.503995706127228 -18.671571796286013 -18.576099314822393 -18.6486703481484 -18.846108050301943 -18.14948535258201 -18.893292675921984 -18.27770508645984 -19.292842423786126 -18.651318969744143 -20.101085871806724 -20.194958575003216
-3.227822091145387 -3.6921696844026695 -5.947822112135356 -6.336721619063368 -9.182273310509284 -7.463993744931337 -8.304214651113488 -7.718117799431484 -9.320530188950627 -8.854240629506764 -9.936114523725028 -9.822785943223053 -11.783119184912325 -10.214754009278744 -10.859653436329186 -11.149633864454717 -12.087552798511883 -12.288203701927277 -13.28016949542679 -13.039021561321459 -14.435966040454637 -13.638995717357599 -13.995955530161623 -14.370435189229763 -16.14092889915991 -15.14427710104138 -15.671352212496116 -15.689284681956028 -17.23232159197188 -16.51421458145831 -16.82659558599798 -16.992312715236455 -17.716293571346203 -17.561693019282238 -18.16913454635441 -18.08955521813657 -18.267762028432596 -18.478538100969068 -17.981680581964635 -18.670465835318424 -17.662773709720938 -19.096957388042785
-29.183008070334505 -29.055470935492423 -31.64066375216688 -3.332529186787422 -4.57420962338781 -7.854161483797315 -6.179368796407946 -6.624934609066086 -6.982834673647435 -9.344196982412052 -8.05092733723536 -8.511293559680759 -9.080387566205156 -11.3201254366124 -9.543794247474196 -10.002093148813124 -10.52237853745587 -12.06186846716251 -11.635375498335165 -13.068696042504332 -12.595859634829814 -14.67065445907485 -13.22688828623 -14.359036331757888 -14.07806079981979 -15.211226361903583 -14.723992773664628 -15.571191342051042 -14.96187460749233 -16.500514707097768 -16.03853775813264 -16.46966108790302 -16.797164750699565 -17.61204069579622 -17.543505270542344 -17.467602789425477 -17.980737230923747 -18.459837550553697 -18.731457672182444 -19.130607800873502 -19.022729566207772 -18.355282005857575
-26.313394465739208 -28.02829922693779 -27.429542160106923 -28.43875651678546 -27.740100294419292 -31.34254847814358 -9.730854027657886 -6.137470022239296 -6.296191617471054 -5.7699801444566425 -7.057609448890999 -6.638037900437299 -7.670501406144678 -8.080848911945244 -11.032482717989186 -8.923637998610474 -9.448285296093736 -9.566009862004332 -11.348759286798836 -10.58273321323173 -11.340755764255226 -11.92164276546005 -15.428021023763407 -12.890595032639894 -13.693276619678809 -13.007343483212967 -14.75417364141759 -13.366085424926911 -13.700179628344557 -13.948193318153663 -15.518768759676307 -14.960644301359602 -14.912683238664876 -15.182267113110743 -16.00884690973226 -16.24058546691779 -17.528101141894624 -18.139490592839255 -19.363209451514486 -18.884515374518823 -18.73307774833181 -18.68715110750417
-25.55048218261484 -24.761681089497635 -26.845337306418703 -26.729990631992536 -27.98021428506768 -27.14315450171398 -28.19898246334529 -27.61372673738281 -30.763410255701224 -3.6925784030923685 -4.778118058531547 -7.25787062168561 -5.91767068789162 -6.694557627808693 -6.388176910034819 -8.600332614460987 -7.370700890643445 -8.031700218287234 -8.274683456818664 -10.112674025211517 -8.986060962970448 -9.988315348721212 -10.482735695641985 -11.957095750250563 -11.331981671048744 -12.302704848648025 -12.0336317378082 -13.198821144208173 -12.509351002542331 -13.257152608139851 -13.033182571424174 -14.090385831003456 -13.732418203574115 -14.983646139757449 -14.944722754812107 -15.724021970658164 -15.847236429131593 -16.548689170212924 -16.820632555753594 -17.276819992644484 -17.313889628380306 -18.464204680239682
-24.33015491697467 -25.445079965530844 -25.242911581462806 -26.41633819514765 -25.933807041900153 -27.320136672902407 -26.40465157178505 -27.94581988921014 -27.167949660202638 -29.2113303643155 -29.05536934529731 -31.920540284056244 -3.416795041188271 -3.498187032543435 -5.554707436299676 -5.6116185324655365 -8.773707010626255 -6.639157705008031 -6.896117168622721 -7.243080959017419 -8.922125062937857 -7.783424980397586 -8.450282670099801 -8.960780283144874 -11.156384654114571 -9.86826858178948 -10.695514881978013 -10.14889745209164 -11.244309935400741 -10.584164990315834 -11.067684822783043 -11.69820566180577 -13.194053574587688 -12.593143708221126 -13.42819935753876 -13.402915100953892 -14.649454437796772 -14.576672955353642 -15.817123023526317 -15.933111306591314 -17.207638106828497 -16.55980448253117
